[
  [
    [
      0.8468171954154968,
      -0.24592401087284088,
      0.4716164469718933,
      4.7220563888549805
    ],
    [
      0.5318841338157654,
      0.3915376663208008,
      -0.7508644461631775,
      -7.518024921417236
    ],
    [
      -1.4901162970204496e-08,
      0.8866901993751526,
      0.46236392855644226,
      4.629415512084961
    ],
    [
      0.0,
      0.0,
      0.0,
      1.0
    ]
  ],
  [
    [
      0.9980266690254211,
      -0.0049264878034591675,
      0.06259697675704956,
      0.4395338296890259
    ],
    [
      0.06279054284095764,
      0.0783042460680008,
      -0.9949500560760498,
      -6.986186504364014
    ],
    [
      0.0,
      0.9969172477722168,
      0.07845907658338547,
      1.309999942779541
    ],
    [
      0.0,
      0.0,
      0.0,
      1.0
    ]
  ],
  [
    [
      0.8117488622665405,
      -0.2700236141681671,
      0.5178330540657043,
      5.1847991943359375
    ],
    [
      0.584006667137146,
      0.3753233850002289,
      -0.7197698354721069,
      -7.206689834594727
    ],
    [
      -1.4901161193847656e-08,
      0.8866901993751526,
      0.46236395835876465,
      4.629415512084961
    ],
    [
      0.0,
      0.0,
      0.0,
      1.0
    ]
  ],
  [
    [
      0.9921145439147949,
      -0.009833532385528088,
      0.12494689971208572,
      0.8773329257965088
    ],
    [
      0.1253332644701004,
      0.0778403952717781,
      -0.9890561699867249,
      -6.9448018074035645
    ],
    [
      0.0,
      0.9969172477722168,
      0.07845907658338547,
      1.309999942779541
    ],
    [
      0.0,
      0.0,
      0.0,
      1.0
    ]
  ],
  [
    [
      0.7734769582748413,
      -0.29305756092071533,
      0.5620059967041016,
      5.62708044052124
    ],
    [
      0.6338245272636414,
      0.357627809047699,
      -0.6858344078063965,
      -6.866911888122559
    ],
    [
      -1.4901162970204496e-08,
      0.8866901993751526,
      0.46236395835876465,
      4.629415512084961
    ],
    [
      0.0,
      0.0,
      0.0,
      1.0
    ]
  ],
  [
    [
      0.9822869896888733,
      -0.01470176875591278,
      0.18680371344089508,
      1.3116695880889893
    ],
    [
      0.18738135695457458,
      0.07706932723522186,
      -0.9792589545249939,
      -6.876008987426758
    ],
    [
      0.0,
      0.9969172477722168,
      0.07845907658338547,
      1.309999942779541
    ],
    [
      0.0,
      0.0,
      0.0,
      1.0
    ]
  ],
  [
    [
      0.73215252161026,
      -0.3149349093437195,
      0.6039608716964722,
      6.047153472900391
    ],
    [
      0.6811407804489136,
      0.338520884513855,
      -0.6491924524307251,
      -6.500034332275391
    ],
    [
      0.0,
      0.8866901993751526,
      0.46236395835876465,
      4.629415512084961
    ],
    [
      0.0,
      0.0,
      0.0,
      1.0
    ]
  ],
  [
    [
      0.9685828685760498,
      -0.019511982798576355,
      0.24792328476905823,
      1.740829586982727
    ],
    [
      0.2486899346113205,
      0.07599411904811859,
      -0.9655970335006714,
      -6.780079364776611
    ],
    [
      0.0,
      0.9969172477722168,
      0.07845907658338547,
      1.309999942779541
    ],
    [
      0.0,
      0.0,
      0.0,
      1.0
    ]
  ],
  [
    [
      0.6879385113716125,
      -0.3355693817138672,
      0.6435322761535645,
      6.443361759185791
    ],
    [
      0.7257689833641052,
      0.318077951669693,
      -0.6099883317947388,
      -6.107503414154053
    ],
    [
      -1.4901162970204496e-08,
      0.8866901993751526,
      0.46236395835876465,
      4.629415512084961
    ],
    [
      0.0,
      0.0,
      0.0,
      1.0
    ]
  ],
  [
    [
      0.951056182384491,
      -0.024245191365480423,
      0.30806443095207214,
      2.163119316101074
    ],
    [
      0.30901700258255005,
      0.07461899518966675,
      -0.948124349117279,
      -6.657392501831055
    ],
    [
      0.0,
      0.9969172477722168,
      0.07845907658338547,
      1.309999942779541
    ],
    [
      0.0,
      0.0,
      0.0,
      1.0
    ]
  ],
  [
    [
      0.6410096883773804,
      -0.3548794686794281,
      0.6805638074874878,
      6.8141398429870605
    ],
    [
      0.7675327658653259,
      0.29637980461120605,
      -0.5683770775794983,
      -5.690871238708496
    ],
    [
      -1.4901161193847656e-08,
      0.8866901993751526,
      0.46236395835876465,
      4.629415512084961
    ],
    [
      0.0,
      0.0,
      0.0,
      1.0
    ]
  ],
  [
    [
      0.9297760725021362,
      -0.028882715851068497,
      0.36698973178863525,
      2.5768721103668213
    ],
    [
      0.36812451481819153,
      0.0729493796825409,
      -0.9269098043441772,
      -6.508431434631348
    ],
    [
      0.0,
      0.9969172477722168,
      0.07845907658338547,
      1.309999942779541
    ],
    [
      0.0,
      0.0,
      0.0,
      1.0
    ]
  ],
  [
    [
      0.5915510058403015,
      -0.37278902530670166,
      0.714909553527832,
      7.158026218414307
    ],
    [
      0.8062675595283508,
      0.2735118567943573,
      -0.5245225429534912,
      -5.2517781257629395
    ],
    [
      0.0,
      0.8866901993751526,
      0.46236395835876465,
      4.629415512084961
    ],
    [
      0.0,
      0.0,
      0.0,
      1.0
    ]
  ],
  [
    [
      0.9048265814781189,
      -0.033406250178813934,
      0.42446669936180115,
      2.980455160140991
    ],
    [
      0.4257792532444,
      0.0709918662905693,
      -0.9020372033119202,
      -6.333785057067871
    ],
    [
      0.0,
      0.9969172477722168,
      0.07845907658338547,
      1.309999942779541
    ],
    [
      0.0,
      0.0,
      0.0,
      1.0
    ]
  ],
  [
    [
      0.5397577881813049,
      -0.38922733068466187,
      0.7464339137077332,
      7.473663806915283
    ],
    [
      0.8418203592300415,
      0.2495645135641098,
      -0.4785979986190796,
      -4.791958808898926
    ],
    [
      1.4901161193847656e-08,
      0.8866901993751526,
      0.46236395835876465,
      4.629415512084961
    ],
    [
      0.0,
      0.0,
      0.0,
      1.0
    ]
  ],
  [
    [
      0.8763061761856079,
      -0.0377979502081871,
      0.4802685081958771,
      3.3722753524780273
    ],
    [
      0.4817536175251007,
      0.068754181265831,
      -0.8736046552658081,
      -6.134141445159912
    ],
    [
      0.0,
      0.9969172477722168,
      0.07845907658338547,
      1.309999942779541
    ],
    [
      0.0,
      0.0,
      0.0,
      1.0
    ]
  ],
  [
    [
      0.48583438992500305,
      -0.40412959456443787,
      0.7750123143196106,
      7.759805202484131
    ],
    [
      0.8740509748458862,
      0.22463227808475494,
      -0.43078455328941345,
      -4.31322717666626
    ],
    [
      0.0,
      0.8866901993751526,
      0.46236392855644226,
      4.629415512084961
    ],
    [
      0.0,
      0.0,
      0.0,
      1.0
    ]
  ],
  [
    [
      0.8443273901939392,
      -0.04204047471284866,
      0.534174919128418,
      3.750786781311035
    ],
    [
      0.5358266830444336,
      0.06624514609575272,
      -0.8417244553565979,
      -5.910290241241455
    ],
    [
      0.0,
      0.9969172477722168,
      0.07845907658338547,
      1.309999942779541
    ],
    [
      0.0,
      0.0,
      0.0,
      1.0
    ]
  ],
  [
    [
      0.42999356985092163,
      -0.4174369275569916,
      0.800532341003418,
      8.015323638916016
    ],
    [
      0.90283203125,
      0.19881349802017212,
      -0.381271094083786,
      -3.817473888397217
    ],
    [
      0.0,
      0.8866903185844421,
      0.46236395835876465,
      4.629415512084961
    ],
    [
      0.0,
      0.0,
      0.0,
      1.0
    ]
  ],
  [
    [
      0.8090164065361023,
      -0.04611708223819733,
      0.5859731435775757,
      4.114495754241943
    ],
    [
      0.5877851247787476,
      0.06347467005252838,
      -0.8065223693847656,
      -5.663114070892334
    ],
    [
      0.0,
      0.9969172477722168,
      0.07845907658338547,
      1.309999942779541
    ],
    [
      0.0,
      0.0,
      0.0,
      1.0
    ]
  ],
  [
    [
      0.37245574593544006,
      -0.4290968179702759,
      0.8228928446769714,
      8.239208221435547
    ],
    [
      0.9280500411987305,
      0.17221008241176605,
      -0.33025288581848145,
      -3.306654453277588
    ],
    [
      1.4901162970204496e-08,
      0.8866901397705078,
      0.46236395835876465,
      4.629415512084961
    ],
    [
      0.0,
      0.0,
      0.0,
      1.0
    ]
  ],
  [
    [
      0.770512580871582,
      -0.050011683255434036,
      0.635458767414093,
      4.461966514587402
    ],
    [
      0.6374238729476929,
      0.06045369803905487,
      -0.7681372761726379,
      -5.393587112426758
    ],
    [
      0.0,
      0.9969172477722168,
      0.07845907658338547,
      1.309999942779541
    ],
    [
      0.0,
      0.0,
      0.0,
      1.0
    ]
  ],
  [
    [
      0.313448041677475,
      -0.43906325101852417,
      0.842005729675293,
      8.43057632446289
    ],
    [
      0.9496053457260132,
      0.14492706954479218,
      -0.2779313027858734,
      -2.782785177230835
    ],
    [
      0.0,
      0.8866901993751526,
      0.46236392855644226,
      4.629415512084961
    ],
    [
      0.0,
      0.0,
      0.0,
      1.0
    ]
  ],
  [
    [
      0.7289679050445557,
      -0.05370891094207764,
      0.6824365854263306,
      4.79182767868042
    ],
    [
      0.684546947479248,
      0.05719413980841637,
      -0.7267207503318787,
      -5.102774143218994
    ],
    [
      0.0,
      0.9969172477722168,
      0.07845907658338547,
      1.309999942779541
    ],
    [
      0.0,
      0.0,
      0.0,
      1.0
    ]
  ],
  [
    [
      0.25320330262184143,
      -0.4472968876361847,
      0.8577957153320312,
      8.58867359161377
    ],
    [
      0.9674131870269775,
      0.11707205325365067,
      -0.22451287508010864,
      -2.2479336261749268
    ],
    [
      7.450581485102248e-09,
      0.8866901993751526,
      0.46236392855644226,
      4.629415512084961
    ],
    [
      0.0,
      0.0,
      0.0,
      1.0
    ]
  ],
  [
    [
      0.6845463514328003,
      -0.05719418078660965,
      0.7267211079597473,
      5.10277795791626
    ],
    [
      0.7289683818817139,
      0.053708866238594055,
      -0.6824361085891724,
      -4.791823387145996
    ],
    [
      0.0,
      0.9969172477722168,
      0.07845907658338547,
      1.309999942779541
    ],
    [
      0.0,
      0.0,
      0.0,
      1.0
    ]
  ],
  [
    [
      0.19195927679538727,
      -0.453765332698822,
      0.8702003359794617,
      8.712873458862305
    ],
    [
      0.9814029335975647,
      0.0887550488114357,
      -0.1702084094285965,
      -1.7042102813720703
    ],
    [
      0.0,
      0.8866901993751526,
      0.46236398816108704,
      4.629415512084961
    ],
    [
      0.0,
      0.0,
      0.0,
      1.0
    ]
  ],
  [
    [
      0.6374232172966003,
      -0.06045372784137726,
      0.7681375741958618,
      5.393589973449707
    ],
    [
      0.7705129384994507,
      0.05001162737607956,
      -0.63545823097229,
      -4.461961269378662
    ],
    [
      0.0,
      0.9969172477722168,
      0.07845907658338547,
      1.309999942779541
    ],
    [
      0.0,
      0.0,
      0.0,
      1.0
    ]
  ],
  [
    [
      0.1299576461315155,
      -0.4584428369998932,
      0.8791707754135132,
      8.802690505981445
    ],
    [
      0.991519570350647,
      0.060087721794843674,
      -0.11523217707872391,
      -1.1537612676620483
    ],
    [
      -3.725290298461914e-09,
      0.8866901993751526,
      0.46236395835876465,
      4.629415512084961
    ],
    [
      0.0,
      0.0,
      0.0,
      1.0
    ]
  ],
  [
    [
      0.587784469127655,
      -0.06347469240427017,
      0.8065225481987,
      5.663115501403809
    ],
    [
      0.8090166449546814,
      0.046117011457681656,
      -0.5859724879264832,
      -4.114489555358887
    ],
    [
      0.0,
      0.9969172477722168,
      0.07845907658338547,
      1.309999942779541
    ],
    [
      0.0,
      0.0,
      0.0,
      1.0
    ]
  ],
  [
    [
      0.06744314730167389,
      -0.46131113171577454,
      0.8846713900566101,
      8.857765197753906
    ],
    [
      0.9977232217788696,
      0.0311832707375288,
      -0.05980117619037628,
      -0.5987588167190552
    ],
    [
      0.0,
      0.8866901397705078,
      0.46236395835876465,
      4.629415512084961
    ],
    [
      0.0,
      0.0,
      0.0,
      1.0
    ]
  ],
  [
    [
      0.5358260273933411,
      -0.06624514609575272,
      0.8417245745658875,
      5.9102911949157715
    ],
    [
      0.8443275094032288,
      0.0420403927564621,
      -0.5341742038726807,
      -3.7507801055908203
    ],
    [
      0.0,
      0.9969172477722168,
      0.07845907658338547,
      1.309999942779541
    ],
    [
      0.0,
      0.0,
      0.0,
      1.0
    ]
  ],
  [
    [
      0.0046624853275716305,
      -0.46235886216163635,
      0.8866806626319885,
      8.877882957458496
    ],
    [
      0.9999891519546509,
      0.0021557649597525597,
      -0.00413418048992753,
      -0.041393447667360306
    ],
    [
      -1.1641532182693481e-10,
      0.8866901993751526,
      0.46236395835876465,
      4.629415512084961
    ],
    [
      0.0,
      0.0,
      0.0,
      1.0
    ]
  ],
  [
    [
      0.4817529320716858,
      -0.0687541514635086,
      0.8736046552658081,
      6.1341423988342285
    ],
    [
      0.8763061761856079,
      0.03779786825180054,
      -0.48026782274246216,
      -3.3722681999206543
    ],
    [
      0.0,
      0.9969172477722168,
      0.07845907658338547,
      1.309999942779541
    ],
    [
      0.0,
      0.0,
      0.0,
      1.0
    ]
  ],
  [
    [
      -0.058136578649282455,
      -0.4615819454193115,
      0.885190486907959,
      8.86296272277832
    ],
    [
      0.9983085989952087,
      -0.026880258694291115,
      0.05154913663864136,
      0.5161353349685669
    ],
    [
      0.0,
      0.8866901397705078,
      0.46236395835876465,
      4.629415512084961
    ],
    [
      0.0,
      0.0,
      0.0,
      1.0
    ]
  ],
  [
    [
      0.4257785379886627,
      -0.07099182158708572,
      0.9020369648933411,
      6.333784103393555
    ],
    [
      0.9048264622688293,
      0.03340617194771767,
      -0.42446598410606384,
      -2.980447292327881
    ],
    [
      0.0,
      0.9969172477722168,
      0.07845907658338547,
      1.309999942779541
    ],
    [
      0.0,
      0.0,
      0.0,
      1.0
    ]
  ],
  [
    [
      -0.1207062155008316,
      -0.45898324251174927,
      0.8802070021629333,
      8.813065528869629
    ],
    [
      0.9926883578300476,
      -0.055810194462537766,
      0.1070290133357048,
      1.071627140045166
    ],
    [
      0.0,
      0.8866901993751526,
      0.46236395835876465,
      4.629415512084961
    ],
    [
      0.0,
      0.0,
      0.0,
      1.0
    ]
  ],
  [
    [
      0.36812376976013184,
      -0.07294932752847672,
      0.9269093871116638,
      6.508429050445557
    ],
    [
      0.9297758340835571,
      0.02888263575732708,
      -0.36698898673057556,
      -2.576864004135132
    ],
    [
      0.0,
      0.9969172477722168,
      0.07845907658338547,
      1.309999942779541
    ],
    [
      0.0,
      0.0,
      0.0,
      1.0
    ]
  ],
  [
    [
      -0.18279947340488434,
      -0.45457321405410767,
      0.8717496991157532,
      8.728386878967285
    ],
    [
      0.9831503033638,
      -0.0845198780298233,
      0.16208650171756744,
      1.622889757156372
    ],
    [
      -7.450581485102248e-09,
      0.8866901993751526,
      0.46236395835876465,
      4.629415512084961
    ],
    [
      0.0,
      0.0,
      0.0,
      1.0
    ]
  ],
  [
    [
      0.30901622772216797,
      -0.07461892813444138,
      0.9481236934661865,
      6.657388687133789
    ],
    [
      0.9510557651519775,
      0.024245113134384155,
      -0.3080636262893677,
      -2.1631112098693848
    ],
    [
      0.0,
      0.9969172477722168,
      0.07845907658338547,
      1.309999942779541
    ],
    [
      0.0,
      0.0,
      0.0,
      1.0
    ]
  ],
  [
    [
      -0.24417126178741455,
      -0.44836917519569397,
      0.8598520159721375,
      8.609261512756348
    ],
    [
      0.9697321653366089,
      -0.11289599537849426,
      0.2165042906999588,
      2.1677474975585938
    ],
    [
      -7.450580596923828e-09,
      0.8866901993751526,
      0.46236395835876465,
      4.629415512084961
    ],
    [
      0.0,
      0.0,
      0.0,
      1.0
    ]
  ],
  [
    [
      0.24868910014629364,
      -0.07599405199289322,
      0.9655961990356445,
      6.780074596405029
    ],
    [
      0.9685823321342468,
      0.019511906430125237,
      -0.24792250990867615,
      -1.7408217191696167
    ],
    [
      0.0,
      0.9969172477722168,
      0.07845907658338547,
      1.309999942779541
    ],
    [
      0.0,
      0.0,
      0.0,
      1.0
    ]
  ],
  [
    [
      -0.3045794665813446,
      -0.44039562344551086,
      0.8445608019828796,
      8.456158638000488
    ],
    [
      0.9524869322776794,
      -0.14082656800746918,
      0.27006763219833374,
      2.704050064086914
    ],
    [
      -7.450581485102248e-09,
      0.8866901397705078,
      0.46236395835876465,
      4.629415512084961
    ],
    [
      0.0,
      0.0,
      0.0,
      1.0
    ]
  ],
  [
    [
      0.18738053739070892,
      -0.07706926017999649,
      0.9792580008506775,
      6.876001834869385
    ],
    [
      0.9822863340377808,
      0.01470169611275196,
      -0.1868029683828354,
      -1.311661958694458
    ],
    [
      0.0,
      0.9969172477722168,
      0.07845907658338547,
      1.309999942779541
    ],
    [
      0.0,
      0.0,
      0.0,
      1.0
    ]
  ],
  [
    [
      -0.36378568410873413,
      -0.43068400025367737,
      0.8259365558624268,
      8.269683837890625
    ],
    [
      0.93148273229599,
      -0.16820137202739716,
      0.3225651681423187,
      3.2296814918518066
    ],
    [
      0.0,
      0.8866901993751526,
      0.46236392855644226,
      4.629415512084961
    ],
    [
      0.0,
      0.0,
      0.0,
      1.0
    ]
  ],
  [
    [
      0.12533248960971832,
      -0.07784030586481094,
      0.9890550374984741,
      6.944792747497559
    ],
    [
      0.9921137094497681,
      0.009833463467657566,
      -0.1249462217092514,
      -0.8773256540298462
    ],
    [
      0.0,
      0.9969172477722168,
      0.07845907658338547,
      1.309999942779541
    ],
    [
      0.0,
      0.0,
      0.0,
      1.0
    ]
  ],
  [
    [
      -0.42155611515045166,
      -0.41927266120910645,
      0.8040528297424316,
      8.050572395324707
    ],
    [
      0.9068024158477783,
      -0.19491229951381683,
      0.3737896680831909,
      3.7425661087036133
    ],
    [
      0.0,
      0.8866901993751526,
      0.46236395835876465,
      4.629415512084961
    ],
    [
      0.0,
      0.0,
      0.0,
      1.0
    ]
  ],
  [
    [
      0.06278979778289795,
      -0.07830414921045303,
      0.9949487447738647,
      6.986176013946533
    ],
    [
      0.9980255961418152,
      0.004926424007862806,
      -0.06259635835886002,
      -0.43952709436416626
    ],
    [
      0.0,
      0.9969172477722168,
      0.07845907658338547,
      1.309999942779541
    ],
    [
      0.0,
      0.0,
      0.0,
      1.0
    ]
  ],
  [
    [
      -0.4776628911495209,
      -0.4062066674232483,
      0.77899569272995,
      7.799688816070557
    ],
    [
      0.8785432577133179,
      -0.22085405886173248,
      0.4235389828681946,
      4.240681171417236
    ],
    [
      0.0,
      0.8866901993751526,
      0.46236392855644226,
      4.629415512084961
    ],
    [
      0.0,
      0.0,
      0.0,
      1.0
    ]
  ],
  [
    [
      -6.780028343200684e-07,
      -0.07845896482467651,
      0.996915876865387,
      6.999987602233887
    ],
    [
      0.9999987483024597,
      -5.774199962615967e-08,
      5.401670932769775e-07,
      6.034970283508301e-06
    ],
    [
      0.0,
      0.9969172477722168,
      0.07845907658338547,
      1.309999942779541
    ],
    [
      0.0,
      0.0,
      0.0,
      1.0
    ]
  ],
  [
    [
      -0.5318844318389893,
      -0.391537606716156,
      0.7508642673492432,
      7.5180230140686035
    ],
    [
      0.8468169569969177,
      -0.2459242045879364,
      0.4716167449951172,
      4.72205924987793
    ],
    [
      1.4901161193847656e-08,
      0.8866901993751526,
      0.46236392855644226,
      4.629415512084961
    ],
    [
      0.0,
      0.0,
      0.0,
      1.0
    ]
  ],
  [
    [
      -0.0627911388874054,
      -0.07830414175987244,
      0.99494868516922,
      6.9861741065979
    ],
    [
      0.9980254173278809,
      -0.004926539026200771,
      0.06259743124246597,
      0.4395390748977661
    ],
    [
      0.0,
      0.9969172477722168,
      0.07845907658338547,
      1.309999942779541
    ],
    [
      0.0,
      0.0,
      0.0,
      1.0
    ]
  ],
  [
    [
      -0.5840070247650146,
      -0.3753233551979065,
      0.7197694778442383,
      7.206686973571777
    ],
    [
      0.8117486238479614,
      -0.27002382278442383,
      0.5178332328796387,
      5.184802055358887
    ],
    [
      0.0,
      0.8866902589797974,
      0.46236392855644226,
      4.629415512084961
    ],
    [
      0.0,
      0.0,
      0.0,
      1.0
    ]
  ],
  [
    [
      -0.1253337860107422,
      -0.07784028351306915,
      0.989054799079895,
      6.944788932800293
    ],
    [
      0.9921132922172546,
      -0.009833576157689095,
      0.12494727969169617,
      0.8773373365402222
    ],
    [
      0.0,
      0.9969172477722168,
      0.07845907658338547,
      1.309999942779541
    ],
    [
      0.0,
      0.0,
      0.0,
      1.0
    ]
  ],
  [
    [
      -0.6338247060775757,
      -0.3576277494430542,
      0.6858341097831726,
      6.866909503936768
    ],
    [
      0.7734766602516174,
      -0.29305773973464966,
      0.5620061755180359,
      5.6270833015441895
    ],
    [
      -1.4901161193847656e-08,
      0.8866901397705078,
      0.46236392855644226,
      4.629415512084961
    ],
    [
      0.0,
      0.0,
      0.0,
      1.0
    ]
  ],
  [
    [
      -0.1873817890882492,
      -0.07706921547651291,
      0.9792575836181641,
      6.875996112823486
    ],
    [
      0.982285737991333,
      -0.014701806008815765,
      0.18680399656295776,
      1.3116731643676758
    ],
    [
      0.0,
      0.9969172477722168,
      0.07845907658338547,
      1.309999942779541
    ],
    [
      0.0,
      0.0,
      0.0,
      1.0
    ]
  ],
  [
    [
      -0.6811411380767822,
      -0.33852073550224304,
      0.6491921544075012,
      6.500031471252441
    ],
    [
      0.7321521639823914,
      -0.3149350881576538,
      0.603961169719696,
      6.04715633392334
    ],
    [
      1.4901162970204496e-08,
      0.8866901993751526,
      0.46236395835876465,
      4.629415512084961
    ],
    [
      0.0,
      0.0,
      0.0,
      1.0
    ]
  ],
  [
    [
      -0.24869029223918915,
      -0.07599400728940964,
      0.9655956625938416,
      6.78006649017334
    ],
    [
      0.9685815572738647,
      -0.019512012600898743,
      0.24792349338531494,
      1.7408322095870972
    ],
    [
      0.0,
      0.9969172477722168,
      0.07845907658338547,
      1.309999942779541
    ],
    [
      0.0,
      0.0,
      0.0,
      1.0
    ]
  ],
  [
    [
      -0.7257692813873291,
      -0.31807780265808105,
      0.6099880337715149,
      6.107501029968262
    ],
    [
      0.6879382729530334,
      -0.3355695307254791,
      0.6435324549674988,
      6.443364143371582
    ],
    [
      1.4901162970204496e-08,
      0.8866901993751526,
      0.46236392855644226,
      4.629415512084961
    ],
    [
      0.0,
      0.0,
      0.0,
      1.0
    ]
  ],
  [
    [
      -0.3090173006057739,
      -0.0746188834309578,
      0.9481229782104492,
      6.657379627227783
    ],
    [
      0.9510548710823059,
      -0.024245213717222214,
      0.3080645203590393,
      2.163121223449707
    ],
    [
      0.0,
      0.9969172477722168,
      0.07845907658338547,
      1.309999942779541
    ],
    [
      0.0,
      0.0,
      0.0,
      1.0
    ]
  ],
  [
    [
      -0.7675331234931946,
      -0.29637956619262695,
      0.5683766603469849,
      5.690866947174072
    ],
    [
      0.6410092711448669,
      -0.3548796474933624,
      0.6805641651153564,
      6.814143180847168
    ],
    [
      0.0,
      0.8866901993751526,
      0.46236395835876465,
      4.629415512084961
    ],
    [
      0.0,
      0.0,
      0.0,
      1.0
    ]
  ],
  [
    [
      -0.36812475323677063,
      -0.07294926792383194,
      0.9269084334373474,
      6.508418560028076
    ],
    [
      0.9297747015953064,
      -0.02888273075222969,
      0.36698976159095764,
      2.5768730640411377
    ],
    [
      0.0,
      0.9969172477722168,
      0.07845907658338547,
      1.309999942779541
    ],
    [
      0.0,
      0.0,
      0.0,
      1.0
    ]
  ],
  [
    [
      -0.8062678575515747,
      -0.2735116481781006,
      0.5245221257209778,
      5.251773834228516
    ],
    [
      0.5915505886077881,
      -0.3727891743183136,
      0.7149098515510559,
      7.158029556274414
    ],
    [
      0.0,
      0.8866901993751526,
      0.46236395835876465,
      4.629415512084961
    ],
    [
      0.0,
      0.0,
      0.0,
      1.0
    ]
  ],
  [
    [
      -0.42577940225601196,
      -0.07099175453186035,
      0.9020358324050903,
      6.3337721824646
    ],
    [
      0.9048252105712891,
      -0.03340625762939453,
      0.42446663975715637,
      2.980455160140991
    ],
    [
      0.0,
      0.9969172477722168,
      0.07845907658338547,
      1.309999942779541
    ],
    [
      0.0,
      0.0,
      0.0,
      1.0
    ]
  ],
  [
    [
      -0.8418207764625549,
      -0.2495642900466919,
      0.4785975217819214,
      4.791954040527344
    ],
    [
      0.5397573113441467,
      -0.3892275094985962,
      0.7464341521263123,
      7.473666191101074
    ],
    [
      1.4901162970204496e-08,
      0.8866901993751526,
      0.46236395835876465,
      4.629415512084961
    ],
    [
      0.0,
      0.0,
      0.0,
      1.0
    ]
  ],
  [
    [
      -0.4817536771297455,
      -0.06875406950712204,
      0.8736032843589783,
      6.134128570556641
    ],
    [
      0.8763048052787781,
      -0.0377979502081871,
      0.48026835918426514,
      3.37227463722229
    ],
    [
      0.0,
      0.9969172477722168,
      0.07845907658338547,
      1.309999942779541
    ],
    [
      0.0,
      0.0,
      0.0,
      1.0
    ]
  ],
  [
    [
      -0.8740512132644653,
      -0.22463202476501465,
      0.43078410625457764,
      4.313222408294678
    ],
    [
      0.4858337938785553,
      -0.4041297733783722,
      0.7750126719474792,
      7.759808540344238
    ],
    [
      1.4901161193847656e-08,
      0.8866901993751526,
      0.46236395835876465,
      4.629415512084961
    ],
    [
      0.0,
      0.0,
      0.0,
      1.0
    ]
  ],
  [
    [
      -0.5358266830444336,
      -0.06624503433704376,
      0.8417230844497681,
      5.910277366638184
    ],
    [
      0.8443260192871094,
      -0.042040467262268066,
      0.5341746807098389,
      3.7507853507995605
    ],
    [
      0.0,
      0.9969172477722168,
      0.07845907658338547,
      1.309999942779541
    ],
    [
      0.0,
      0.0,
      0.0,
      1.0
    ]
  ],
  [
    [
      -0.9028322696685791,
      -0.19881324470043182,
      0.3812705874443054,
      3.8174686431884766
    ],
    [
      0.42999303340911865,
      -0.4174370765686035,
      0.8005325198173523,
      8.015325546264648
    ],
    [
      1.4901162970204496e-08,
      0.8866901993751526,
      0.46236395835876465,
      4.629415512084961
    ],
    [
      0.0,
      0.0,
      0.0,
      1.0
    ]
  ],
  [
    [
      -0.587785005569458,
      -0.06347455829381943,
      0.8065209984779358,
      5.6631011962890625
    ],
    [
      0.8090150356292725,
      -0.04611707106232643,
      0.5859729051589966,
      4.114493370056152
    ],
    [
      0.0,
      0.9969172477722168,
      0.07845907658338547,
      1.309999942779541
    ],
    [
      0.0,
      0.0,
      0.0,
      1.0
    ]
  ],
  [
    [
      -0.9280502200126648,
      -0.17220982909202576,
      0.3302523195743561,
      3.3066492080688477
    ],
    [
      0.3724551498889923,
      -0.42909693717956543,
      0.822892963886261,
      8.23921012878418
    ],
    [
      0.0,
      0.8866901993751526,
      0.46236392855644226,
      4.629415512084961
    ],
    [
      0.0,
      0.0,
      0.0,
      1.0
    ]
  ],
  [
    [
      -0.6374236345291138,
      -0.06045358628034592,
      0.7681359052658081,
      5.393574237823486
    ],
    [
      0.7705112099647522,
      -0.05001166835427284,
      0.6354584693908691,
      4.461963176727295
    ],
    [
      0.0,
      0.9969172477722168,
      0.07845907658338547,
      1.309999942779541
    ],
    [
      0.0,
      0.0,
      0.0,
      1.0
    ]
  ],
  [
    [
      -0.9496055841445923,
      -0.1449267715215683,
      0.27793073654174805,
      2.7827796936035156
    ],
    [
      0.31344741582870483,
      -0.4390633702278137,
      0.8420059680938721,
      8.43057918548584
    ],
    [
      7.450580596923828e-09,
      0.8866901993751526,
      0.4623638987541199,
      4.629415512084961
    ],
    [
      0.0,
      0.0,
      0.0,
      1.0
    ]
  ],
  [
    [
      -0.6845465898513794,
      -0.05719402804970741,
      0.7267193794250488,
      5.102761268615723
    ],
    [
      0.7289665937423706,
      -0.053708888590335846,
      0.6824361681938171,
      4.791823387145996
    ],
    [
      0.0,
      0.9969172477722168,
      0.07845907658338547,
      1.309999942779541
    ],
    [
      0.0,
      0.0,
      0.0,
      1.0
    ]
  ],
  [
    [
      -0.9674132466316223,
      -0.11707177013158798,
      0.22451232373714447,
      2.2479279041290283
    ],
    [
      0.2532026469707489,
      -0.44729694724082947,
      0.8577958941459656,
      8.588674545288086
    ],
    [
      -7.450580596923828e-09,
      0.8866901397705078,
      0.46236395835876465,
      4.629415512084961
    ],
    [
      0.0,
      0.0,
      0.0,
      1.0
    ]
  ],
  [
    [
      -0.7289680242538452,
      -0.0537087544798851,
      0.6824347376823425,
      4.791810512542725
    ],
    [
      0.6845450401306152,
      -0.05719415098428726,
      0.7267205715179443,
      5.1027727127075195
    ],
    [
      0.0,
      0.9969172477722168,
      0.07845907658338547,
      1.309999942779541
    ],
    [
      0.0,
      0.0,
      0.0,
      1.0
    ]
  ],
  [
    [
      -0.9814030528068542,
      -0.08875474333763123,
      0.17020784318447113,
      1.7042046785354614
    ],
    [
      0.19195865094661713,
      -0.453765332698822,
      0.8702004551887512,
      8.712875366210938
    ],
    [
      0.0,
      0.8866901993751526,
      0.46236395835876465,
      4.629415512084961
    ],
    [
      0.0,
      0.0,
      0.0,
      1.0
    ]
  ],
  [
    [
      -0.7705125212669373,
      -0.050011519342660904,
      0.635456919670105,
      4.461948394775391
    ],
    [
      0.6374219655990601,
      -0.060453690588474274,
      0.7681369185447693,
      5.39358377456665
    ],
    [
      0.0,
      0.9969172477722168,
      0.07845907658338547,
      1.309999942779541
    ],
    [
      0.0,
      0.0,
      0.0,
      1.0
    ]
  ],
  [
    [
      -0.9915196895599365,
      -0.060087431222200394,
      0.11523159593343735,
      1.15375554561615
    ],
    [
      0.12995702028274536,
      -0.45844292640686035,
      0.8791707158088684,
      8.802690505981445
    ],
    [
      0.0,
      0.8866901993751526,
      0.46236392855644226,
      4.629415512084961
    ],
    [
      0.0,
      0.0,
      0.0,
      1.0
    ]
  ],
  [
    [
      -0.8090161085128784,
      -0.0461169108748436,
      0.5859711766242981,
      4.114477634429932
    ],
    [
      0.5877832174301147,
      -0.06347464770078659,
      0.8065217733383179,
      5.663108825683594
    ],
    [
      0.0,
      0.9969172477722168,
      0.07845907658338547,
      1.309999942779541
    ],
    [
      0.0,
      0.0,
      0.0,
      1.0
    ]
  ],
  [
    [
      -0.9977232217788696,
      -0.03118298016488552,
      0.059800609946250916,
      0.5987531542778015
    ],
    [
      0.06744250655174255,
      -0.4613111913204193,
      0.8846713900566101,
      8.857765197753906
    ],
    [
      0.0,
      0.8866901993751526,
      0.46236395835876465,
      4.629415512084961
    ],
    [
      0.0,
      0.0,
      0.0,
      1.0
    ]
  ],
  [
    [
      -0.844326913356781,
      -0.042040299624204636,
      0.5341729521751404,
      3.7507686614990234
    ],
    [
      0.5358247756958008,
      -0.06624509394168854,
      0.8417236804962158,
      5.910284042358398
    ],
    [
      0.0,
      0.9969172477722168,
      0.07845907658338547,
      1.309999942779541
    ],
    [
      0.0,
      0.0,
      0.0,
      1.0
    ]
  ],
  [
    [
      -0.9999891519546509,
      -0.002155468799173832,
      0.004133612383157015,
      0.04138776287436485
    ],
    [
      0.004661844577640295,
      -0.46235886216163635,
      0.8866806626319885,
      8.877882957458496
    ],
    [
      -1.1641532182693481e-10,
      0.8866901993751526,
      0.46236395835876465,
      4.629415512084961
    ],
    [
      0.0,
      0.0,
      0.0,
      1.0
    ]
  ],
  [
    [
      -0.8763055205345154,
      -0.037797775119543076,
      0.48026660084724426,
      3.3722572326660156
    ],
    [
      0.4817516803741455,
      -0.06875409930944443,
      0.8736036419868469,
      6.134134292602539
    ],
    [
      0.0,
      0.9969172477722168,
      0.07845907658338547,
      1.309999942779541
    ],
    [
      0.0,
      0.0,
      0.0,
      1.0
    ]
  ],
  [
    [
      -0.9983085989952087,
      0.026880551129579544,
      -0.051549702882766724,
      -0.5161409974098206
    ],
    [
      -0.05813721567392349,
      -0.46158188581466675,
      0.885190486907959,
      8.86296272277832
    ],
    [
      0.0,
      0.8866901993751526,
      0.46236395835876465,
      4.629415512084961
    ],
    [
      0.0,
      0.0,
      0.0,
      1.0
    ]
  ],
  [
    [
      -0.9048256874084473,
      -0.033406082540750504,
      0.4244648218154907,
      2.9804370403289795
    ],
    [
      0.4257773458957672,
      -0.07099176943302155,
      0.9020358920097351,
      6.333775043487549
    ],
    [
      0.0,
      0.9969172477722168,
      0.07845907658338547,
      1.309999942779541
    ],
    [
      0.0,
      0.0,
      0.0,
      1.0
    ]
  ],
  [
    [
      -0.9926882982254028,
      0.055810488760471344,
      -0.10702957212924957,
      -1.0716328620910645
    ],
    [
      -0.12070686370134354,
      -0.4589831829071045,
      0.880206823348999,
      8.813064575195312
    ],
    [
      0.0,
      0.8866901993751526,
      0.46236392855644226,
      4.629415512084961
    ],
    [
      0.0,
      0.0,
      0.0,
      1.0
    ]
  ],
  [
    [
      -0.9297749400138855,
      -0.028882550075650215,
      0.3669878840446472,
      2.5768542289733887
    ],
    [
      0.3681226372718811,
      -0.07294926792383194,
      0.9269082546234131,
      6.508419990539551
    ],
    [
      0.0,
      0.9969172477722168,
      0.07845907658338547,
      1.309999942779541
    ],
    [
      0.0,
      0.0,
      0.0,
      1.0
    ]
  ],
  [
    [
      -0.9831501841545105,
      0.08452016860246658,
      -0.16208705306053162,
      -1.622895359992981
    ],
    [
      -0.18280009925365448,
      -0.4545731544494629,
      0.8717495799064636,
      8.728385925292969
    ],
    [
      0.0,
      0.8866901993751526,
      0.46236395835876465,
      4.629415512084961
    ],
    [
      0.0,
      0.0,
      0.0,
      1.0
    ]
  ],
  [
    [
      -0.9510547518730164,
      -0.02424503117799759,
      0.3080626130104065,
      2.163102149963379
    ],
    [
      0.309015154838562,
      -0.074618861079216,
      0.948122501373291,
      6.657379150390625
    ],
    [
      0.0,
      0.9969172477722168,
      0.07845907658338547,
      1.309999942779541
    ],
    [
      0.0,
      0.0,
      0.0,
      1.0
    ]
  ],
  [
    [
      -0.9697320461273193,
      0.11289628595113754,
      -0.21650485694408417,
      -2.167753219604492
    ],
    [
      -0.24417193233966827,
      -0.4483690559864044,
      0.8598518371582031,
      8.609259605407715
    ],
    [
      0.0,
      0.8866901993751526,
      0.46236395835876465,
      4.629415512084961
    ],
    [
      0.0,
      0.0,
      0.0,
      1.0
    ]
  ],
  [
    [
      -0.9685811996459961,
      -0.019511830061674118,
      0.24792158603668213,
      1.7408132553100586
    ],
    [
      0.24868808686733246,
      -0.07599397003650665,
      0.9655948877334595,
      6.780064105987549
    ],
    [
      0.0,
      0.9969172477722168,
      0.07845907658338547,
      1.309999942779541
    ],
    [
      0.0,
      0.0,
      0.0,
      1.0
    ]
  ],
  [
    [
      -0.9524867534637451,
      0.14082683622837067,
      -0.2700681686401367,
      -2.7040557861328125
    ],
    [
      -0.30458009243011475,
      -0.4403955042362213,
      0.8445606827735901,
      8.456157684326172
    ],
    [
      -7.450580596923828e-09,
      0.8866901993751526,
      0.46236392855644226,
      4.629415512084961
    ],
    [
      0.0,
      0.0,
      0.0,
      1.0
    ]
  ],
  [
    [
      -0.9822850823402405,
      -0.014701624400913715,
      0.18680213391780853,
      1.3116542100906372
    ],
    [
      0.1873795986175537,
      -0.07706917822360992,
      0.9792565703392029,
      6.875990867614746
    ],
    [
      0.0,
      0.9969172477722168,
      0.07845907658338547,
      1.309999942779541
    ],
    [
      0.0,
      0.0,
      0.0,
      1.0
    ]
  ],
  [
    [
      -0.9314825534820557,
      0.16820164024829865,
      -0.3225657045841217,
      -3.2296864986419678
    ],
    [
      -0.3637862503528595,
      -0.4306839108467102,
      0.8259364366531372,
      8.269681930541992
    ],
    [
      1.4901162970204496e-08,
      0.8866901993751526,
      0.46236395835876465,
      4.629415512084961
    ],
    [
      0.0,
      0.0,
      0.0,
      1.0
    ]
  ],
  [
    [
      -0.992112398147583,
      -0.009833397343754768,
      0.12494547665119171,
      0.8773186206817627
    ],
    [
      0.12533164024353027,
      -0.07784021645784378,
      0.9890536069869995,
      6.94478178024292
    ],
    [
      0.0,
      0.9969172477722168,
      0.07845907658338547,
      1.309999942779541
    ],
    [
      0.0,
      0.0,
      0.0,
      1.0
    ]
  ],
  [
    [
      -0.9068021774291992,
      0.1949125975370407,
      -0.3737901747226715,
      -3.7425713539123535
    ],
    [
      -0.4215567111968994,
      -0.4192725121974945,
      0.804052472114563,
      8.050569534301758
    ],
    [
      1.4901162970204496e-08,
      0.8866901397705078,
      0.46236392855644226,
      4.629415512084961
    ],
    [
      0.0,
      0.0,
      0.0,
      1.0
    ]
  ],
  [
    [
      -0.9980242848396301,
      -0.004926363937556744,
      0.06259570270776749,
      0.43952077627182007
    ],
    [
      0.06278905272483826,
      -0.07830405235290527,
      0.9949472546577454,
      6.9861650466918945
    ],
    [
      0.0,
      0.9969172477722168,
      0.07845907658338547,
      1.309999942779541
    ],
    [
      0.0,
      0.0,
      0.0,
      1.0
    ]
  ],
  [
    [
      -0.878542959690094,
      0.22085434198379517,
      -0.4235394299030304,
      -4.24068546295166
    ],
    [
      -0.47766342759132385,
      -0.4062066078186035,
      0.7789953351020813,
