{
    "camera_angle_x": 0.6,
    "frames": [
        {
            "file_path": "./test/rgb_000",
            "rotation": 0.031415926535897934,
            "transform_matrix": [
                [
                    0.9995065331459045,
                    -0.0024644602090120316,
                    0.0313139408826828,
                    0.21987541019916534
                ],
                [
                    0.03141077235341072,
                    0.07842035591602325,
                    -0.9964253306388855,
                    -6.996545791625977
                ],
                [
                    0.0,
                    0.9969172477722168,
                    0.07845907658338547,
                    1.309999942779541
                ],
                [
                    0.0,
                    0.0,
                    0.0,
                    1.0
                ]
            ]
        },
        {
            "file_path": "./test/rgb_001",
            "rotation": 0.031415926535897934,
            "transform_matrix": [
                [
                    0.9980266690254211,
                    -0.0049264878034591675,
                    0.06259697675704956,
                    0.4395338296890259
                ],
                [
                    0.06279054284095764,
                    0.0783042460680008,
                    -0.9949500560760498,
                    -6.986186504364014
                ],
                [
                    0.0,
                    0.9969172477722168,
                    0.07845907658338547,
                    1.309999942779541
                ],
                [
                    0.0,
                    0.0,
                    0.0,
                    1.0
                ]
            ]
        },
        {
            "file_path": "./test/rgb_002",
            "rotation": 0.031415926535897934,
            "transform_matrix": [
                [
                    0.9955618381500244,
                    -0.007383653428405523,
                    0.09381823241710663,
                    0.6587584614753723
                ],
                [
                    0.09410834312438965,
                    0.07811086624860764,
                    -0.9924928545951843,
                    -6.96893310546875
                ],
                [
                    0.0,
                    0.9969172477722168,
                    0.07845907658338547,
                    1.309999942779541
                ],
                [
                    0.0,
                    0.0,
                    0.0,
                    1.0
                ]
            ]
        },
        {
            "file_path": "./test/rgb_003",
            "rotation": 0.031415926535897934,
            "transform_matrix": [
                [
                    0.9921145439147949,
                    -0.009833532385528088,
                    0.12494689971208572,
                    0.8773329257965088
                ],
                [
                    0.1253332644701004,
                    0.0778403952717781,
                    -0.9890561699867249,
                    -6.9448018074035645
                ],
                [
                    0.0,
                    0.9969172477722168,
                    0.07845907658338547,
                    1.309999942779541
                ],
                [
                    0.0,
                    0.0,
                    0.0,
                    1.0
                ]
            ]
        },
        {
            "file_path": "./test/rgb_004",
            "rotation": 0.031415926535897934,
            "transform_matrix": [
                [
                    0.9876881241798401,
                    -0.012273707427084446,
                    0.15595225989818573,
                    1.0950416326522827
                ],
                [
                    0.15643449127674103,
                    0.0774931013584137,
                    -0.9846434593200684,
                    -6.913816928863525
                ],
                [
                    0.0,
                    0.9969172477722168,
                    0.07845907658338547,
                    1.309999942779541
                ],
                [
                    0.0,
                    0.0,
                    0.0,
                    1.0
                ]
            ]
        },
        {
            "file_path": "./test/rgb_005",
            "rotation": 0.031415926535897934,
            "transform_matrix": [
                [
                    0.9822869896888733,
                    -0.01470176875591278,
                    0.18680371344089508,
                    1.3116695880889893
                ],
                [
                    0.18738135695457458,
                    0.07706932723522186,
                    -0.9792589545249939,
                    -6.876008987426758
                ],
                [
                    0.0,
                    0.9969172477722168,
                    0.07845907658338547,
                    1.309999942779541
                ],
                [
                    0.0,
                    0.0,
                    0.0,
                    1.0
                ]
            ]
        },
        {
            "file_path": "./test/rgb_006",
            "rotation": 0.031415926535897934,
            "transform_matrix": [
                [
                    0.9759165048599243,
                    -0.01711532101035118,
                    0.21747080981731415,
                    1.5270030498504639
                ],
                [
                    0.2181432843208313,
                    0.07656950503587723,
                    -0.972908079624176,
                    -6.831415176391602
                ],
                [
                    0.0,
                    0.9969172477722168,
                    0.07845907658338547,
                    1.309999942779541
                ],
                [
                    0.0,
                    0.0,
                    0.0,
                    1.0
                ]
            ]
        },
        {
            "file_path": "./test/rgb_007",
            "rotation": 0.031415926535897934,
            "transform_matrix": [
                [
                    0.9685828685760498,
                    -0.019511982798576355,
                    0.24792328476905823,
                    1.740829586982727
                ],
                [
                    0.2486899346113205,
                    0.07599411904811859,
                    -0.9655970335006714,
                    -6.780079364776611
                ],
                [
                    0.0,
                    0.9969172477722168,
                    0.07845907658338547,
                    1.309999942779541
                ],
                [
                    0.0,
                    0.0,
                    0.0,
                    1.0
                ]
            ]
        },
        {
            "file_path": "./test/rgb_008",
            "rotation": 0.031415926535897934,
            "transform_matrix": [
                [
                    0.9602933526039124,
                    -0.02188938856124878,
                    0.2781310975551605,
                    1.9529380798339844
                ],
                [
                    0.27899113297462463,
                    0.07534373551607132,
                    -0.9573330879211426,
                    -6.722052574157715
                ],
                [
                    0.0,
                    0.9969172477722168,
                    0.07845907658338547,
                    1.309999942779541
                ],
                [
                    0.0,
                    0.0,
                    0.0,
                    1.0
                ]
            ]
        },
        {
            "file_path": "./test/rgb_009",
            "rotation": 0.031415926535897934,
            "transform_matrix": [
                [
                    0.951056182384491,
                    -0.024245191365480423,
                    0.30806443095207214,
                    2.163119316101074
                ],
                [
                    0.30901700258255005,
                    0.07461899518966675,
                    -0.948124349117279,
                    -6.657392501831055
                ],
                [
                    0.0,
                    0.9969172477722168,
                    0.07845907658338547,
                    1.309999942779541
                ],
                [
                    0.0,
                    0.0,
                    0.0,
                    1.0
                ]
            ]
        },
        {
            "file_path": "./test/rgb_010",
            "rotation": 0.031415926535897934,
            "transform_matrix": [
                [
                    0.9408804178237915,
                    -0.026577068492770195,
                    0.3376937210559845,
                    2.3711657524108887
                ],
                [
                    0.3387379050254822,
                    0.07382061332464218,
                    -0.9379799365997314,
                    -6.5861616134643555
                ],
                [
                    0.0,
                    0.9969172477722168,
                    0.07845907658338547,
                    1.309999942779541
                ],
                [
                    0.0,
                    0.0,
                    0.0,
                    1.0
                ]
            ]
        },
        {
            "file_path": "./test/rgb_011",
            "rotation": 0.031415926535897934,
            "transform_matrix": [
                [
                    0.9297760725021362,
                    -0.028882715851068497,
                    0.36698973178863525,
                    2.5768721103668213
                ],
                [
                    0.36812451481819153,
                    0.0729493796825409,
                    -0.9269098043441772,
                    -6.508431434631348
                ],
                [
                    0.0,
                    0.9969172477722168,
                    0.07845907658338547,
                    1.309999942779541
                ],
                [
                    0.0,
                    0.0,
                    0.0,
                    1.0
                ]
            ]
        },
        {
            "file_path": "./test/rgb_012",
            "rotation": 0.031415926535897934,
            "transform_matrix": [
                [
                    0.9177541732788086,
                    -0.031159859150648117,
                    0.39592358469963074,
                    2.7800354957580566
                ],
                [
                    0.39714786410331726,
                    0.07200615108013153,
                    -0.9149249792098999,
                    -6.424278259277344
                ],
                [
                    0.0,
                    0.9969172477722168,
                    0.07845907658338547,
                    1.309999942779541
                ],
                [
                    0.0,
                    0.0,
                    0.0,
                    1.0
                ]
            ]
        },
        {
            "file_path": "./test/rgb_013",
            "rotation": 0.031415926535897934,
            "transform_matrix": [
                [
                    0.9048265814781189,
                    -0.033406250178813934,
                    0.42446669936180115,
                    2.980455160140991
                ],
                [
                    0.4257792532444,
                    0.0709918662905693,
                    -0.9020372033119202,
                    -6.333785057067871
                ],
                [
                    0.0,
                    0.9969172477722168,
                    0.07845907658338547,
                    1.309999942779541
                ],
                [
                    0.0,
                    0.0,
                    0.0,
                    1.0
                ]
            ]
        },
        {
            "file_path": "./test/rgb_014",
            "rotation": 0.031415926535897934,
            "transform_matrix": [
                [
                    0.8910060524940491,
                    -0.03561967611312866,
                    0.4525909423828125,
                    3.17793345451355
                ],
                [
                    0.45399045944213867,
                    0.06990751624107361,
                    -0.88825923204422,
                    -6.237040996551514
                ],
                [
                    0.0,
                    0.9969172477722168,
                    0.07845907658338547,
                    1.309999942779541
                ],
                [
                    0.0,
                    0.0,
                    0.0,
                    1.0
                ]
            ]
        },
        {
            "file_path": "./test/rgb_015",
            "rotation": 0.031415926535897934,
            "transform_matrix": [
                [
                    0.8763061761856079,
                    -0.0377979502081871,
                    0.4802685081958771,
                    3.3722753524780273
                ],
                [
                    0.4817536175251007,
                    0.068754181265831,
                    -0.8736046552658081,
                    -6.134141445159912
                ],
                [
                    0.0,
                    0.9969172477722168,
                    0.07845907658338547,
                    1.309999942779541
                ],
                [
                    0.0,
                    0.0,
                    0.0,
                    1.0
                ]
            ]
        },
        {
            "file_path": "./test/rgb_016",
            "rotation": 0.031415926535897934,
            "transform_matrix": [
                [
                    0.8607414960861206,
                    -0.03993891924619675,
                    0.5074720978736877,
                    3.5632894039154053
                ],
                [
                    0.5090413093566895,
                    0.0675329864025116,
                    -0.858087956905365,
                    -6.02518892288208
                ],
                [
                    0.0,
                    0.9969172477722168,
                    0.07845907658338547,
                    1.309999942779541
                ],
                [
                    0.0,
                    0.0,
                    0.0,
                    1.0
                ]
            ]
        },
        {
            "file_path": "./test/rgb_017",
            "rotation": 0.031415926535897934,
            "transform_matrix": [
                [
                    0.8443273901939392,
                    -0.04204047471284866,
                    0.534174919128418,
                    3.750786781311035
                ],
                [
                    0.5358266830444336,
                    0.06624514609575272,
                    -0.8417244553565979,
                    -5.910290241241455
                ],
                [
                    0.0,
                    0.9969172477722168,
                    0.07845907658338547,
                    1.309999942779541
                ],
                [
                    0.0,
                    0.0,
                    0.0,
                    1.0
                ]
            ]
        },
        {
            "file_path": "./test/rgb_018",
            "rotation": 0.031415926535897934,
            "transform_matrix": [
                [
                    0.8270800113677979,
                    -0.04410053789615631,
                    0.5603505373001099,
                    3.9345827102661133
                ],
                [
                    0.5620832443237305,
                    0.06489192694425583,
                    -0.8245302438735962,
                    -5.7895588874816895
                ],
                [
                    0.0,
                    0.9969172477722168,
                    0.07845907658338547,
                    1.309999942779541
                ],
                [
                    0.0,
                    0.0,
                    0.0,
                    1.0
                ]
            ]
        },
        {
            "file_path": "./test/rgb_019",
            "rotation": 0.031415926535897934,
            "transform_matrix": [
                [
                    0.8090164065361023,
                    -0.04611708223819733,
                    0.5859731435775757,
                    4.114495754241943
                ],
                [
                    0.5877851247787476,
                    0.06347467005252838,
                    -0.8065223693847656,
                    -5.663114070892334
                ],
                [
                    0.0,
                    0.9969172477722168,
                    0.07845907658338547,
                    1.309999942779541
                ],
                [
                    0.0,
                    0.0,
                    0.0,
                    1.0
                ]
            ]
        },
        {
            "file_path": "./test/rgb_020",
            "rotation": 0.031415926535897934,
            "transform_matrix": [
                [
                    0.7901543974876404,
                    -0.048088110983371735,
                    0.6110174655914307,
                    4.290348052978516
                ],
                [
                    0.6129069328308105,
                    0.061994776129722595,
                    -0.7877185344696045,
                    -5.5310797691345215
                ],
                [
                    0.0,
                    0.9969172477722168,
                    0.07845907658338547,
                    1.309999942779541
                ],
                [
                    0.0,
                    0.0,
                    0.0,
                    1.0
                ]
            ]
        },
        {
            "file_path": "./test/rgb_021",
            "rotation": 0.031415926535897934,
            "transform_matrix": [
                [
                    0.770512580871582,
                    -0.050011683255434036,
                    0.635458767414093,
                    4.461966514587402
                ],
                [
                    0.6374238729476929,
                    0.06045369803905487,
                    -0.7681372761726379,
                    -5.393587112426758
                ],
                [
                    0.0,
                    0.9969172477722168,
                    0.07845907658338547,
                    1.309999942779541
                ],
                [
                    0.0,
                    0.0,
                    0.0,
                    1.0
                ]
            ]
        },
        {
            "file_path": "./test/rgb_022",
            "rotation": 0.031415926535897934,
            "transform_matrix": [
                [
                    0.750110387802124,
                    -0.051885899156332016,
                    0.6592729687690735,
                    4.629181385040283
                ],
                [
                    0.6613117456436157,
                    0.05885295942425728,
                    -0.7477980256080627,
                    -5.250771522521973
                ],
                [
                    0.0,
                    0.9969172477722168,
                    0.07845907658338547,
                    1.309999942779541
                ],
                [
                    0.0,
                    0.0,
                    0.0,
                    1.0
                ]
            ]
        },
        {
            "file_path": "./test/rgb_023",
            "rotation": 0.031415926535897934,
            "transform_matrix": [
                [
                    0.7289679050445557,
                    -0.05370891094207764,
                    0.6824365854263306,
                    4.79182767868042
                ],
                [
                    0.684546947479248,
                    0.05719413980841637,
                    -0.7267207503318787,
                    -5.102774143218994
                ],
                [
                    0.0,
                    0.9969172477722168,
                    0.07845907658338547,
                    1.309999942779541
                ],
                [
                    0.0,
                    0.0,
                    0.0,
                    1.0
                ]
            ]
        },
        {
            "file_path": "./test/rgb_024",
            "rotation": 0.031415926535897934,
            "transform_matrix": [
                [
                    0.7071060538291931,
                    -0.05547892302274704,
                    0.7049266695976257,
                    4.949745178222656
                ],
                [
                    0.7071065902709961,
                    0.05547887831926346,
                    -0.7049262523651123,
                    -4.949740886688232
                ],
                [
                    0.0,
                    0.9969172477722168,
                    0.07845907658338547,
                    1.309999942779541
                ],
                [
                    0.0,
                    0.0,
                    0.0,
                    1.0
                ]
            ]
        },
        {
            "file_path": "./test/rgb_025",
            "rotation": 0.031415926535897934,
            "transform_matrix": [
                [
                    0.6845463514328003,
                    -0.05719418078660965,
                    0.7267211079597473,
                    5.10277795791626
                ],
                [
                    0.7289683818817139,
                    0.053708866238594055,
                    -0.6824361085891724,
                    -4.791823387145996
                ],
                [
                    0.0,
                    0.9969172477722168,
                    0.07845907658338547,
                    1.309999942779541
                ],
                [
                    0.0,
                    0.0,
                    0.0,
                    1.0
                ]
            ]
        },
        {
            "file_path": "./test/rgb_026",
            "rotation": 0.031415926535897934,
            "transform_matrix": [
                [
                    0.6613110899925232,
                    -0.05885299667716026,
                    0.7477983236312866,
                    5.25077486038208
                ],
                [
                    0.7501108050346375,
                    0.051885850727558136,
                    -0.6592724919319153,
                    -4.629176616668701
                ],
                [
                    0.0,
                    0.9969172477722168,
                    0.07845907658338547,
                    1.309999942779541
                ],
                [
                    0.0,
                    0.0,
                    0.0,
                    1.0
                ]
            ]
        },
        {
            "file_path": "./test/rgb_027",
            "rotation": 0.031415926535897934,
            "transform_matrix": [
                [
                    0.6374232172966003,
                    -0.06045372784137726,
                    0.7681375741958618,
                    5.393589973449707
                ],
                [
                    0.7705129384994507,
                    0.05001162737607956,
                    -0.63545823097229,
                    -4.461961269378662
                ],
                [
                    0.0,
                    0.9969172477722168,
                    0.07845907658338547,
                    1.309999942779541
                ],
                [
                    0.0,
                    0.0,
                    0.0,
                    1.0
                ]
            ]
        },
        {
            "file_path": "./test/rgb_028",
            "rotation": 0.031415926535897934,
            "transform_matrix": [
                [
                    0.612906277179718,
                    -0.061994798481464386,
                    0.7877187728881836,
                    5.5310821533203125
                ],
                [
                    0.7901546955108643,
                    0.04808804765343666,
                    -0.6110168695449829,
                    -4.290342330932617
                ],
                [
                    0.0,
                    0.9969172477722168,
                    0.07845907658338547,
                    1.309999942779541
                ],
                [
                    0.0,
                    0.0,
                    0.0,
                    1.0
                ]
            ]
        },
        {
            "file_path": "./test/rgb_029",
            "rotation": 0.031415926535897934,
            "transform_matrix": [
                [
                    0.587784469127655,
                    -0.06347469240427017,
                    0.8065225481987,
                    5.663115501403809
                ],
                [
                    0.8090166449546814,
                    0.046117011457681656,
                    -0.5859724879264832,
                    -4.114489555358887
                ],
                [
                    0.0,
                    0.9969172477722168,
                    0.07845907658338547,
                    1.309999942779541
                ],
                [
                    0.0,
                    0.0,
                    0.0,
                    1.0
                ]
            ]
        },
        {
            "file_path": "./test/rgb_030",
            "rotation": 0.031415926535897934,
            "transform_matrix": [
                [
                    0.5620825886726379,
                    -0.06489194184541702,
                    0.8245304226875305,
                    5.789559841156006
                ],
                [
                    0.8270801901817322,
                    0.04410046339035034,
                    -0.5603498220443726,
                    -3.9345762729644775
                ],
                [
                    0.0,
                    0.9969172477722168,
                    0.07845907658338547,
                    1.309999942779541
                ],
                [
                    0.0,
                    0.0,
                    0.0,
                    1.0
                ]
            ]
        },
        {
            "file_path": "./test/rgb_031",
            "rotation": 0.031415926535897934,
            "transform_matrix": [
                [
                    0.5358260273933411,
                    -0.06624514609575272,
                    0.8417245745658875,
                    5.9102911949157715
                ],
                [
                    0.8443275094032288,
                    0.0420403927564621,
                    -0.5341742038726807,
                    -3.7507801055908203
                ],
                [
                    0.0,
                    0.9969172477722168,
                    0.07845907658338547,
                    1.309999942779541
                ],
                [
                    0.0,
                    0.0,
                    0.0,
                    1.0
                ]
            ]
        },
        {
            "file_path": "./test/rgb_032",
            "rotation": 0.031415926535897934,
            "transform_matrix": [
                [
                    0.5090406537055969,
                    -0.0675329715013504,
                    0.8580880165100098,
                    6.0251898765563965
                ],
                [
                    0.8607415556907654,
                    0.03993883728981018,
                    -0.5074714422225952,
                    -3.5632824897766113
                ],
                [
                    0.0,
                    0.9969172477722168,
                    0.07845907658338547,
                    1.309999942779541
                ],
                [
                    0.0,
                    0.0,
                    0.0,
                    1.0
                ]
            ]
        },
        {
            "file_path": "./test/rgb_033",
            "rotation": 0.031415926535897934,
            "transform_matrix": [
                [
                    0.4817529320716858,
                    -0.0687541514635086,
                    0.8736046552658081,
                    6.1341423988342285
                ],
                [
                    0.8763061761856079,
                    0.03779786825180054,
                    -0.48026782274246216,
                    -3.3722681999206543
                ],
                [
                    0.0,
                    0.9969172477722168,
                    0.07845907658338547,
                    1.309999942779541
                ],
                [
                    0.0,
                    0.0,
                    0.0,
                    1.0
                ]
            ]
        },
        {
            "file_path": "./test/rgb_034",
            "rotation": 0.031415926535897934,
            "transform_matrix": [
                [
                    0.45398974418640137,
                    -0.06990747898817062,
                    0.8882591128349304,
                    6.237040996551514
                ],
                [
                    0.8910059928894043,
                    0.035619594156742096,
                    -0.4525902271270752,
                    -3.1779258251190186
                ],
                [
                    0.0,
                    0.9969172477722168,
                    0.07845907658338547,
                    1.309999942779541
                ],
                [
                    0.0,
                    0.0,
                    0.0,
                    1.0
                ]
            ]
        },
        {
            "file_path": "./test/rgb_035",
            "rotation": 0.031415926535897934,
            "transform_matrix": [
                [
                    0.4257785379886627,
                    -0.07099182158708572,
                    0.9020369648933411,
                    6.333784103393555
                ],
                [
                    0.9048264622688293,
                    0.03340617194771767,
                    -0.42446598410606384,
                    -2.980447292327881
                ],
                [
                    0.0,
                    0.9969172477722168,
                    0.07845907658338547,
                    1.309999942779541
                ],
                [
                    0.0,
                    0.0,
                    0.0,
                    1.0
                ]
            ]
        },
        {
            "file_path": "./test/rgb_036",
            "rotation": 0.031415926535897934,
            "transform_matrix": [
                [
                    0.39714711904525757,
                    -0.07200610637664795,
                    0.9149246215820312,
                    6.424276351928711
                ],
                [
                    0.9177539944648743,
                    0.0311597790569067,
                    -0.39592286944389343,
                    -2.780027389526367
                ],
                [
                    0.0,
                    0.9969172477722168,
                    0.07845907658338547,
                    1.309999942779541
                ],
                [
                    0.0,
                    0.0,
                    0.0,
                    1.0
                ]
            ]
        },
        {
            "file_path": "./test/rgb_037",
            "rotation": 0.031415926535897934,
            "transform_matrix": [
                [
                    0.36812376976013184,
                    -0.07294932752847672,
                    0.9269093871116638,
                    6.508429050445557
                ],
                [
                    0.9297758340835571,
                    0.02888263575732708,
                    -0.36698898673057556,
                    -2.576864004135132
                ],
                [
                    0.0,
                    0.9969172477722168,
                    0.07845907658338547,
                    1.309999942779541
                ],
                [
                    0.0,
                    0.0,
                    0.0,
                    1.0
                ]
            ]
        },
        {
            "file_path": "./test/rgb_038",
            "rotation": 0.031415926535897934,
            "transform_matrix": [
                [
                    0.3387371599674225,
                    -0.0738205537199974,
                    0.9379794001579285,
                    6.586158752441406
                ],
                [
                    0.9408800601959229,
                    0.026576988399028778,
                    -0.3376929461956024,
                    -2.371157646179199
                ],
                [
                    0.0,
                    0.9969172477722168,
                    0.07845907658338547,
                    1.309999942779541
                ],
                [
                    0.0,
                    0.0,
                    0.0,
                    1.0
                ]
            ]
        },
        {
            "file_path": "./test/rgb_039",
            "rotation": 0.031415926535897934,
            "transform_matrix": [
                [
                    0.30901622772216797,
                    -0.07461892813444138,
                    0.9481236934661865,
                    6.657388687133789
                ],
                [
                    0.9510557651519775,
                    0.024245113134384155,
                    -0.3080636262893677,
                    -2.1631112098693848
                ],
                [
                    0.0,
                    0.9969172477722168,
                    0.07845907658338547,
                    1.309999942779541
                ],
                [
                    0.0,
                    0.0,
                    0.0,
                    1.0
                ]
            ]
        },
        {
            "file_path": "./test/rgb_040",
            "rotation": 0.031415926535897934,
            "transform_matrix": [
                [
                    0.27899032831192017,
                    -0.07534366846084595,
                    0.9573323130607605,
                    6.722048282623291
                ],
                [
                    0.9602928757667542,
                    0.02188931033015251,
                    -0.27813029289245605,
                    -1.9529300928115845
                ],
                [
                    0.0,
                    0.9969172477722168,
                    0.07845907658338547,
                    1.309999942779541
                ],
                [
                    0.0,
                    0.0,
                    0.0,
                    1.0
                ]
            ]
        },
        {
            "file_path": "./test/rgb_041",
            "rotation": 0.031415926535897934,
            "transform_matrix": [
                [
                    0.24868910014629364,
                    -0.07599405199289322,
                    0.9655961990356445,
                    6.780074596405029
                ],
                [
                    0.9685823321342468,
                    0.019511906430125237,
                    -0.24792250990867615,
                    -1.7408217191696167
                ],
                [
                    0.0,
                    0.9969172477722168,
                    0.07845907658338547,
                    1.309999942779541
                ],
                [
                    0.0,
                    0.0,
                    0.0,
                    1.0
                ]
            ]
        },
        {
            "file_path": "./test/rgb_042",
            "rotation": 0.031415926535897934,
            "transform_matrix": [
                [
                    0.21814244985580444,
                    -0.07656943798065186,
                    0.9729071855545044,
                    6.831408977508545
                ],
                [
                    0.9759159088134766,
                    0.017115246504545212,
                    -0.21747004985809326,
                    -1.526995301246643
                ],
                [
                    0.0,
                    0.9969172477722168,
                    0.07845907658338547,
                    1.309999942779541
                ],
                [
                    0.0,
                    0.0,
                    0.0,
                    1.0
                ]
            ]
        },
        {
            "file_path": "./test/rgb_043",
            "rotation": 0.031415926535897934,
            "transform_matrix": [
                [
                    0.18738053739070892,
                    -0.07706926017999649,
                    0.9792580008506775,
                    6.876001834869385
                ],
                [
                    0.9822863340377808,
                    0.01470169611275196,
                    -0.1868029683828354,
                    -1.311661958694458
                ],
                [
                    0.0,
                    0.9969172477722168,
                    0.07845907658338547,
                    1.309999942779541
                ],
                [
                    0.0,
                    0.0,
                    0.0,
                    1.0
                ]
            ]
        },
        {
            "file_path": "./test/rgb_044",
            "rotation": 0.031415926535897934,
            "transform_matrix": [
                [
                    0.15643370151519775,
                    -0.07749302685260773,
                    0.9846423864364624,
                    6.913808822631836
                ],
                [
                    0.9876874089241028,
                    0.0122736357152462,
                    -0.15595154464244843,
                    -1.095034122467041
                ],
                [
                    0.0,
                    0.9969172477722168,
                    0.07845907658338547,
                    1.309999942779541
                ],
                [
                    0.0,
                    0.0,
                    0.0,
                    1.0
                ]
            ]
        },
        {
            "file_path": "./test/rgb_045",
            "rotation": 0.031415926535897934,
            "transform_matrix": [
                [
                    0.12533248960971832,
                    -0.07784030586481094,
                    0.9890550374984741,
                    6.944792747497559
                ],
                [
                    0.9921137094497681,
                    0.009833463467657566,
                    -0.1249462217092514,
                    -0.8773256540298462
                ],
                [
                    0.0,
                    0.9969172477722168,
                    0.07845907658338547,
                    1.309999942779541
                ],
                [
                    0.0,
                    0.0,
