{
    "camera_angle_x": 0.6911112070083618,
    "frames": [
        {
            "file_path": "./test/rgb_000",
            "rotation": 0.031415926535897934,
            "transform_matrix": [
                [
                    0.8468171954154968,
                    -0.24592401087284088,
                    0.4716164469718933,
                    4.7220563888549805
                ],
                [
                    0.5318841338157654,
                    0.3915376663208008,
                    -0.7508644461631775,
                    -7.518024921417236
                ],
                [
                    -1.4901162970204496e-08,
                    0.8866901993751526,
                    0.46236392855644226,
                    4.629415512084961
                ],
                [
                    0.0,
                    0.0,
                    0.0,
                    1.0
                ]
            ]
        },
        {
            "file_path": "./test/rgb_001",
            "rotation": 0.031415926535897934,
            "transform_matrix": [
                [
                    0.8296924829483032,
                    -0.2581011950969696,
                    0.494968980550766,
                    4.955873012542725
                ],
                [
                    0.5582208633422852,
                    0.38361984491348267,
                    -0.7356801629066467,
                    -7.365991592407227
                ],
                [
                    0.0,
                    0.8866901993751526,
                    0.46236395835876465,
                    4.629415512084961
                ],
                [
                    0.0,
                    0.0,
                    0.0,
                    1.0
                ]
            ]
        },
        {
            "file_path": "./test/rgb_002",
            "rotation": 0.031415926535897934,
            "transform_matrix": [
                [
                    0.8117488622665405,
                    -0.2700236141681671,
                    0.5178330540657043,
                    5.1847991943359375
                ],
                [
                    0.584006667137146,
                    0.3753233850002289,
                    -0.7197698354721069,
                    -7.206689834594727
                ],
                [
                    -1.4901161193847656e-08,
                    0.8866901993751526,
                    0.46236395835876465,
                    4.629415512084961
                ],
                [
                    0.0,
                    0.0,
                    0.0,
                    1.0
                ]
            ]
        },
        {
            "file_path": "./test/rgb_003",
            "rotation": 0.031415926535897934,
            "transform_matrix": [
                [
                    0.7930042743682861,
                    -0.28167960047721863,
                    0.5401859879493713,
                    5.408608436584473
                ],
                [
                    0.6092162132263184,
                    0.3666565418243408,
                    -0.7031490206718445,
                    -7.040274620056152
                ],
                [
                    0.0,
                    0.8866901993751526,
                    0.46236392855644226,
                    4.629415512084961
                ],
                [
                    0.0,
                    0.0,
                    0.0,
                    1.0
                ]
            ]
        },
        {
            "file_path": "./test/rgb_004",
            "rotation": 0.031415926535897934,
            "transform_matrix": [
                [
                    0.7734769582748413,
                    -0.29305756092071533,
                    0.5620059967041016,
                    5.62708044052124
                ],
                [
                    0.6338245272636414,
                    0.357627809047699,
                    -0.6858344078063965,
                    -6.866911888122559
                ],
                [
                    -1.4901162970204496e-08,
                    0.8866901993751526,
                    0.46236395835876465,
                    4.629415512084961
                ],
                [
                    0.0,
                    0.0,
                    0.0,
                    1.0
                ]
            ]
        },
        {
            "file_path": "./test/rgb_005",
            "rotation": 0.031415926535897934,
            "transform_matrix": [
                [
                    0.7531863451004028,
                    -0.3041463792324066,
                    0.5832711458206177,
                    5.839998245239258
                ],
                [
                    0.6578072309494019,
                    0.3482462167739868,
                    -0.6678428649902344,
                    -6.686772346496582
                ],
                [
                    1.4901162970204496e-08,
                    0.8866901397705078,
                    0.4623638987541199,
                    4.629415512084961
                ],
                [
                    0.0,
                    0.0,
                    0.0,
                    1.0
                ]
            ]
        },
        {
            "file_path": "./test/rgb_006",
            "rotation": 0.031415926535897934,
            "transform_matrix": [
                [
                    0.73215252161026,
                    -0.3149349093437195,
                    0.6039608716964722,
                    6.047153472900391
                ],
                [
                    0.6811407804489136,
                    0.338520884513855,
                    -0.6491924524307251,
                    -6.500034332275391
                ],
                [
                    0.0,
                    0.8866901993751526,
                    0.46236395835876465,
                    4.629415512084961
                ],
                [
                    0.0,
                    0.0,
                    0.0,
                    1.0
                ]
            ]
        },
        {
            "file_path": "./test/rgb_007",
            "rotation": 0.031415926535897934,
            "transform_matrix": [
                [
                    0.7103960514068604,
                    -0.32541272044181824,
                    0.624054491519928,
                    6.248341083526611
                ],
                [
                    0.703802227973938,
                    0.3284614682197571,
                    -0.6299011707305908,
                    -6.306880950927734
                ],
                [
                    0.0,
                    0.8866901993751526,
                    0.46236392855644226,
                    4.629415512084961
                ],
                [
                    0.0,
                    0.0,
                    0.0,
                    1.0
                ]
            ]
        },
        {
            "file_path": "./test/rgb_008",
            "rotation": 0.031415926535897934,
            "transform_matrix": [
                [
                    0.6879385113716125,
                    -0.3355693817138672,
                    0.6435322761535645,
                    6.443361759185791
                ],
                [
                    0.7257689833641052,
                    0.318077951669693,
                    -0.6099883317947388,
                    -6.107503414154053
                ],
                [
                    -1.4901162970204496e-08,
                    0.8866901993751526,
                    0.46236395835876465,
                    4.629415512084961
                ],
                [
                    0.0,
                    0.0,
                    0.0,
                    1.0
                ]
            ]
        },
        {
            "file_path": "./test/rgb_009",
            "rotation": 0.031415926535897934,
            "transform_matrix": [
                [
                    0.664802074432373,
                    -0.3453948497772217,
                    0.6623748540878296,
                    6.632023811340332
                ],
                [
                    0.7470194697380066,
                    0.3073804974555969,
                    -0.5894734859466553,
                    -5.902099132537842
                ],
                [
                    0.0,
                    0.8866901397705078,
                    0.46236392855644226,
                    4.629415512084961
                ],
                [
                    0.0,
                    0.0,
                    0.0,
                    1.0
                ]
            ]
        },
        {
            "file_path": "./test/rgb_010",
            "rotation": 0.031415926535897934,
            "transform_matrix": [
                [
                    0.6410096883773804,
                    -0.3548794686794281,
                    0.6805638074874878,
                    6.8141398429870605
                ],
                [
                    0.7675327658653259,
                    0.29637980461120605,
                    -0.5683770775794983,
                    -5.690871238708496
                ],
                [
                    -1.4901161193847656e-08,
                    0.8866901993751526,
                    0.46236395835876465,
                    4.629415512084961
                ],
                [
                    0.0,
                    0.0,
                    0.0,
                    1.0
                ]
            ]
        },
        {
            "file_path": "./test/rgb_011",
            "rotation": 0.031415926535897934,
            "transform_matrix": [
                [
                    0.6165847182273865,
                    -0.36401382088661194,
                    0.6980810761451721,
                    6.989531517028809
                ],
                [
                    0.7872885465621948,
                    0.2850865423679352,
                    -0.5467196702957153,
                    -5.474026203155518
                ],
                [
                    0.0,
                    0.8866901993751526,
                    0.46236395835876465,
                    4.629415512084961
                ],
                [
                    0.0,
                    0.0,
                    0.0,
                    1.0
                ]
            ]
        },
        {
            "file_path": "./test/rgb_012",
            "rotation": 0.031415926535897934,
            "transform_matrix": [
                [
                    0.5915510058403015,
                    -0.37278902530670166,
                    0.714909553527832,
                    7.158026218414307
                ],
                [
                    0.8062675595283508,
                    0.2735118567943573,
                    -0.5245225429534912,
                    -5.2517781257629395
                ],
                [
                    0.0,
                    0.8866901993751526,
                    0.46236395835876465,
                    4.629415512084961
                ],
                [
                    0.0,
                    0.0,
                    0.0,
                    1.0
                ]
            ]
        },
        {
            "file_path": "./test/rgb_013",
            "rotation": 0.031415926535897934,
            "transform_matrix": [
                [
                    0.5659336447715759,
                    -0.3811962902545929,
                    0.7310323715209961,
                    7.319456577301025
                ],
                [
                    0.824450671672821,
                    0.2616673707962036,
                    -0.5018078684806824,
                    -5.02434778213501
                ],
                [
                    -1.4901160305669237e-08,
                    0.8866901993751526,
                    0.46236392855644226,
                    4.629415512084961
                ],
                [
                    0.0,
                    0.0,
                    0.0,
                    1.0
                ]
            ]
        },
        {
            "file_path": "./test/rgb_014",
            "rotation": 0.031415926535897934,
            "transform_matrix": [
                [
                    0.5397577881813049,
                    -0.38922733068466187,
                    0.7464339137077332,
                    7.473663806915283
                ],
                [
                    0.8418203592300415,
                    0.2495645135641098,
                    -0.4785979986190796,
                    -4.791958808898926
                ],
                [
                    1.4901161193847656e-08,
                    0.8866901993751526,
                    0.46236395835876465,
                    4.629415512084961
                ],
                [
                    0.0,
                    0.0,
                    0.0,
                    1.0
                ]
            ]
        },
        {
            "file_path": "./test/rgb_015",
            "rotation": 0.031415926535897934,
            "transform_matrix": [
                [
                    0.5130493640899658,
                    -0.3968743085861206,
                    0.7610986828804016,
                    7.620494842529297
                ],
                [
                    0.8583592176437378,
                    0.23721550405025482,
                    -0.4549158215522766,
                    -4.554841041564941
                ],
                [
                    0.0,
                    0.8866901993751526,
                    0.46236395835876465,
                    4.629415512084961
                ],
                [
                    0.0,
                    0.0,
                    0.0,
                    1.0
                ]
            ]
        },
        {
            "file_path": "./test/rgb_016",
            "rotation": 0.031415926535897934,
            "transform_matrix": [
                [
                    0.48583438992500305,
                    -0.40412959456443787,
                    0.7750123143196106,
                    7.759805202484131
                ],
                [
                    0.8740509748458862,
                    0.22463227808475494,
                    -0.43078455328941345,
                    -4.31322717666626
                ],
                [
                    0.0,
                    0.8866901993751526,
                    0.46236392855644226,
                    4.629415512084961
                ],
                [
                    0.0,
                    0.0,
                    0.0,
                    1.0
                ]
            ]
        },
        {
            "file_path": "./test/rgb_017",
            "rotation": 0.031415926535897934,
            "transform_matrix": [
                [
                    0.4581400454044342,
                    -0.4109860956668854,
                    0.7881611585617065,
                    7.891457557678223
                ],
                [
                    0.8888800144195557,
                    0.21182744204998016,
                    -0.40622827410697937,
                    -4.067357540130615
                ],
                [
                    1.4901161193847656e-08,
                    0.8866901397705078,
                    0.46236395835876465,
                    4.629415512084961
                ],
                [
                    0.0,
                    0.0,
                    0.0,
                    1.0
                ]
            ]
        },
        {
            "file_path": "./test/rgb_018",
            "rotation": 0.031415926535897934,
            "transform_matrix": [
                [
                    0.42999356985092163,
                    -0.4174369275569916,
                    0.800532341003418,
                    8.015323638916016
                ],
                [
                    0.90283203125,
                    0.19881349802017212,
                    -0.381271094083786,
                    -3.817473888397217
                ],
                [
                    0.0,
                    0.8866903185844421,
                    0.46236395835876465,
                    4.629415512084961
                ],
                [
                    0.0,
                    0.0,
                    0.0,
                    1.0
                ]
            ]
        },
        {
            "file_path": "./test/rgb_019",
            "rotation": 0.031415926535897934,
            "transform_matrix": [
                [
                    0.40142276883125305,
                    -0.42347583174705505,
                    0.8121132254600525,
                    8.131278038024902
                ],
                [
                    0.9158929586410522,
                    0.18560338020324707,
                    -0.35593757033348083,
                    -3.5638225078582764
                ],
                [
                    0.0,
                    0.8866901993751526,
                    0.46236392855644226,
                    4.629415512084961
                ],
                [
                    0.0,
                    0.0,
                    0.0,
                    1.0
                ]
            ]
        },
        {
            "file_path": "./test/rgb_020",
            "rotation": 0.031415926535897934,
            "transform_matrix": [
                [
                    0.37245574593544006,
                    -0.4290968179702759,
                    0.8228928446769714,
                    8.239208221435547
                ],
                [
                    0.9280500411987305,
                    0.17221008241176605,
                    -0.33025288581848145,
                    -3.306654453277588
                ],
                [
                    1.4901162970204496e-08,
                    0.8866901397705078,
                    0.46236395835876465,
                    4.629415512084961
                ],
                [
                    0.0,
                    0.0,
                    0.0,
                    1.0
                ]
            ]
        },
        {
            "file_path": "./test/rgb_021",
            "rotation": 0.031415926535897934,
            "transform_matrix": [
                [
                    0.3431212604045868,
                    -0.4342944025993347,
                    0.8328602313995361,
                    8.339006423950195
                ],
                [
                    0.9392911195755005,
                    0.15864691138267517,
                    -0.30424222350120544,
                    -3.0462229251861572
                ],
                [
                    0.0,
                    0.8866902589797974,
                    0.46236395835876465,
                    4.629415512084961
                ],
                [
                    0.0,
                    0.0,
                    0.0,
                    1.0
                ]
            ]
        },
        {
            "file_path": "./test/rgb_022",
            "rotation": 0.031415926535897934,
            "transform_matrix": [
                [
                    0.313448041677475,
                    -0.43906325101852417,
                    0.842005729675293,
                    8.43057632446289
                ],
                [
                    0.9496053457260132,
                    0.14492706954479218,
                    -0.2779313027858734,
                    -2.782785177230835
                ],
                [
                    0.0,
                    0.8866901993751526,
                    0.46236392855644226,
                    4.629415512084961
                ],
                [
                    0.0,
                    0.0,
                    0.0,
                    1.0
                ]
            ]
        },
        {
            "file_path": "./test/rgb_023",
            "rotation": 0.031415926535897934,
            "transform_matrix": [
                [
                    0.28346553444862366,
                    -0.44339895248413086,
                    0.8503202795982361,
                    8.513825416564941
                ],
                [
                    0.9589824080467224,
                    0.1310642659664154,
                    -0.2513461112976074,
                    -2.516601085662842
                ],
                [
                    0.0,
                    0.8866902589797974,
                    0.46236395835876465,
                    4.629415512084961
                ],
                [
                    0.0,
                    0.0,
                    0.0,
                    1.0
                ]
            ]
        },
        {
            "file_path": "./test/rgb_024",
            "rotation": 0.031415926535897934,
            "transform_matrix": [
                [
                    0.25320330262184143,
                    -0.4472968876361847,
                    0.8577957153320312,
                    8.58867359161377
                ],
                [
                    0.9674131870269775,
                    0.11707205325365067,
                    -0.22451287508010864,
                    -2.2479336261749268
                ],
                [
                    7.450581485102248e-09,
                    0.8866901993751526,
                    0.46236392855644226,
                    4.629415512084961
                ],
                [
                    0.0,
                    0.0,
                    0.0,
                    1.0
                ]
            ]
        },
        {
            "file_path": "./test/rgb_025",
            "rotation": 0.031415926535897934,
            "transform_matrix": [
                [
                    0.22269116342067719,
                    -0.45075350999832153,
                    0.8644245862960815,
                    8.655044555664062
                ],
                [
                    0.9748890995979309,
                    0.1029643565416336,
                    -0.19745805859565735,
                    -1.977047324180603
                ],
                [
                    -7.450581485102248e-09,
                    0.8866901993751526,
                    0.46236395835876465,
                    4.629415512084961
                ],
                [
                    0.0,
                    0.0,
                    0.0,
                    1.0
                ]
            ]
        },
        {
            "file_path": "./test/rgb_026",
            "rotation": 0.031415926535897934,
            "transform_matrix": [
                [
                    0.19195927679538727,
                    -0.453765332698822,
                    0.8702003359794617,
                    8.712873458862305
                ],
                [
                    0.9814029335975647,
                    0.0887550488114357,
                    -0.1702084094285965,
                    -1.7042102813720703
                ],
                [
                    0.0,
                    0.8866901993751526,
                    0.46236398816108704,
                    4.629415512084961
                ],
                [
                    0.0,
                    0.0,
                    0.0,
                    1.0
                ]
            ]
        },
        {
            "file_path": "./test/rgb_027",
            "rotation": 0.031415926535897934,
            "transform_matrix": [
                [
                    0.16103792190551758,
                    -0.45632925629615784,
                    0.8751173615455627,
                    8.762105941772461
                ],
                [
                    0.9869483113288879,
                    0.07445812225341797,
                    -0.142790749669075,
                    -1.429691195487976
                ],
                [
                    0.0,
                    0.8866901993751526,
                    0.46236395835876465,
                    4.629415512084961
                ],
                [
                    0.0,
                    0.0,
                    0.0,
                    1.0
                ]
            ]
        },
        {
            "file_path": "./test/rgb_028",
            "rotation": 0.031415926535897934,
            "transform_matrix": [
                [
                    0.1299576461315155,
                    -0.4584428369998932,
                    0.8791707754135132,
                    8.802690505981445
                ],
                [
                    0.991519570350647,
                    0.060087721794843674,
                    -0.11523217707872391,
                    -1.1537612676620483
                ],
                [
                    -3.725290298461914e-09,
                    0.8866901993751526,
                    0.46236395835876465,
                    4.629415512084961
                ],
                [
                    0.0,
                    0.0,
                    0.0,
                    1.0
                ]
            ]
        },
        {
            "file_path": "./test/rgb_029",
            "rotation": 0.031415926535897934,
            "transform_matrix": [
                [
                    0.09874910861253738,
                    -0.4601040184497833,
                    0.8823564052581787,
                    8.834587097167969
                ],
                [
                    0.9951123595237732,
                    0.04565802216529846,
                    -0.08755987137556076,
                    -0.8766925930976868
                ],
                [
                    0.0,
                    0.8866901993751526,
                    0.46236392855644226,
                    4.629415512084961
                ],
                [
                    0.0,
                    0.0,
                    0.0,
                    1.0
                ]
            ]
        },
        {
            "file_path": "./test/rgb_030",
            "rotation": 0.031415926535897934,
            "transform_matrix": [
                [
                    0.06744314730167389,
                    -0.46131113171577454,
                    0.8846713900566101,
                    8.857765197753906
                ],
                [
                    0.9977232217788696,
                    0.0311832707375288,
                    -0.05980117619037628,
                    -0.5987588167190552
                ],
                [
                    0.0,
                    0.8866901397705078,
                    0.46236395835876465,
                    4.629415512084961
                ],
                [
                    0.0,
                    0.0,
                    0.0,
                    1.0
                ]
            ]
        },
        {
            "file_path": "./test/rgb_031",
            "rotation": 0.031415926535897934,
            "transform_matrix": [
                [
                    0.03607061505317688,
                    -0.4620630741119385,
                    0.8861132264137268,
                    8.872201919555664
                ],
                [
                    0.9993492364883423,
                    0.016677750274538994,
                    -0.03198346123099327,
                    -0.32023414969444275
                ],
                [
                    1.862645149230957e-09,
                    0.8866901993751526,
                    0.46236395835876465,
                    4.629415512084961
                ],
                [
                    0.0,
                    0.0,
                    0.0,
                    1.0
                ]
            ]
        },
        {
            "file_path": "./test/rgb_032",
            "rotation": 0.031415926535897934,
            "transform_matrix": [
                [
                    0.0046624853275716305,
                    -0.46235886216163635,
                    0.8866806626319885,
                    8.877882957458496
                ],
                [
                    0.9999891519546509,
                    0.0021557649597525597,
                    -0.00413418048992753,
                    -0.041393447667360306
                ],
                [
                    -1.1641532182693481e-10,
                    0.8866901993751526,
                    0.46236395835876465,
                    4.629415512084961
                ],
                [
                    0.0,
                    0.0,
                    0.0,
                    1.0
                ]
            ]
        },
        {
            "file_path": "./test/rgb_033",
            "rotation": 0.031415926535897934,
            "transform_matrix": [
                [
                    -0.026750246062874794,
                    -0.4621984362602234,
                    0.8863729238510132,
                    8.874802589416504
                ],
                [
                    0.9996421933174133,
                    -0.012368347495794296,
                    0.0237191803753376,
                    0.23748812079429626
                ],
                [
                    9.31322685637781e-10,
                    0.8866901993751526,
                    0.46236392855644226,
                    4.629415512084961
                ],
                [
                    0.0,
                    0.0,
                    0.0,
                    1.0
                ]
            ]
        },
        {
            "file_path": "./test/rgb_034",
            "rotation": 0.031415926535897934,
            "transform_matrix": [
                [
                    -0.058136578649282455,
                    -0.4615819454193115,
                    0.885190486907959,
                    8.86296272277832
                ],
                [
                    0.9983085989952087,
                    -0.026880258694291115,
                    0.05154913663864136,
                    0.5161353349685669
                ],
                [
                    0.0,
                    0.8866901397705078,
                    0.46236395835876465,
                    4.629415512084961
                ],
                [
                    0.0,
                    0.0,
                    0.0,
                    1.0
                ]
            ]
        },
        {
            "file_path": "./test/rgb_035",
            "rotation": 0.031415926535897934,
            "transform_matrix": [
                [
                    -0.08946554362773895,
                    -0.4605098068714142,
                    0.8831344842910767,
                    8.842377662658691
                ],
                [
                    0.9959899187088013,
                    -0.04136563837528229,
                    0.07932821661233902,
                    0.7942731976509094
                ],
                [
                    0.0,
                    0.8866901993751526,
                    0.46236392855644226,
                    4.629415512084961
                ],
                [
                    0.0,
                    0.0,
                    0.0,
                    1.0
                ]
            ]
        },
        {
            "file_path": "./test/rgb_036",
            "rotation": 0.031415926535897934,
            "transform_matrix": [
                [
                    -0.1207062155008316,
                    -0.45898324251174927,
                    0.8802070021629333,
                    8.813065528869629
                ],
                [
                    0.9926883578300476,
                    -0.055810194462537766,
                    0.1070290133357048,
                    1.071627140045166
                ],
                [
                    0.0,
                    0.8866901993751526,
                    0.46236395835876465,
                    4.629415512084961
                ],
                [
                    0.0,
                    0.0,
                    0.0,
                    1.0
                ]
            ]
        },
        {
            "file_path": "./test/rgb_037",
            "rotation": 0.031415926535897934,
            "transform_matrix": [
                [
                    -0.15182773768901825,
                    -0.4570036828517914,
                    0.8764107823371887,
                    8.775055885314941
                ],
                [
                    0.9884068965911865,
                    -0.07019966095685959,
                    0.1346241682767868,
                    1.3479235172271729
                ],
                [
                    0.0,
                    0.8866901397705078,
                    0.46236395835876465,
                    4.629415512084961
                ],
                [
                    0.0,
                    0.0,
                    0.0,
                    1.0
                ]
            ]
        },
        {
            "file_path": "./test/rgb_038",
            "rotation": 0.031415926535897934,
            "transform_matrix": [
                [
                    -0.18279947340488434,
                    -0.45457321405410767,
                    0.8717496991157532,
                    8.728386878967285
                ],
                [
                    0.9831503033638,
                    -0.0845198780298233,
                    0.16208650171756744,
                    1.622889757156372
                ],
                [
                    -7.450581485102248e-09,
                    0.8866901993751526,
                    0.46236395835876465,
                    4.629415512084961
                ],
                [
                    0.0,
                    0.0,
                    0.0,
                    1.0
                ]
            ]
        },
        {
            "file_path": "./test/rgb_039",
            "rotation": 0.031415926535897934,
            "transform_matrix": [
                [
                    -0.21359075605869293,
                    -0.4516940414905548,
                    0.8662282824516296,
                    8.673104286193848
                ],
                [
                    0.9769232869148254,
                    -0.09875664860010147,
                    0.18938882648944855,
                    1.896254301071167
                ],
                [
                    0.0,
                    0.8866901993751526,
                    0.46236392855644226,
                    4.629415512084961
                ],
                [
                    0.0,
                    0.0,
                    0.0,
                    1.0
                ]
            ]
        },
        {
            "file_path": "./test/rgb_040",
            "rotation": 0.031415926535897934,
            "transform_matrix": [
                [
                    -0.24417126178741455,
                    -0.44836917519569397,
                    0.8598520159721375,
                    8.609261512756348
                ],
                [
                    0.9697321653366089,
                    -0.11289599537849426,
                    0.2165042906999588,
                    2.1677474975585938
                ],
                [
                    -7.450580596923828e-09,
                    0.8866901993751526,
                    0.46236395835876465,
                    4.629415512084961
                ],
                [
                    0.0,
                    0.0,
                    0.0,
                    1.0
                ]
            ]
        },
        {
            "file_path": "./test/rgb_041",
            "rotation": 0.031415926535897934,
            "transform_matrix": [
                [
                    -0.27451077103614807,
                    -0.44460174441337585,
                    0.852627158164978,
                    8.5369234085083
                ],
                [
                    0.9615839719772339,
                    -0.12692388892173767,
                    0.24340605735778809,
                    2.437101364135742
                ],
                [
                    -7.450580152834618e-09,
                    0.8866901993751526,
                    0.46236392855644226,
                    4.629415512084961
                ],
                [
                    0.0,
                    0.0,
                    0.0,
                    1.0
                ]
            ]
        },
        {
            "file_path": "./test/rgb_042",
            "rotation": 0.031415926535897934,
            "transform_matrix": [
                [
                    -0.3045794665813446,
                    -0.44039562344551086,
                    0.8445608019828796,
                    8.456158638000488
                ],
                [
                    0.9524869322776794,
                    -0.14082656800746918,
                    0.27006763219833374,
                    2.704050064086914
                ],
                [
                    -7.450581485102248e-09,
                    0.8866901397705078,
                    0.46236395835876465,
                    4.629415512084961
                ],
                [
                    0.0,
                    0.0,
                    0.0,
                    1.0
                ]
            ]
        },
        {
            "file_path": "./test/rgb_043",
            "rotation": 0.031415926535897934,
            "transform_matrix": [
                [
                    -0.33434751629829407,
                    -0.43575477600097656,
                    0.8356611132621765,
                    8.367050170898438
                ],
                [
                    0.9424498677253723,
                    -0.15459021925926208,
                    0.2964627146720886,
                    2.9683306217193604
                ],
                [
                    -1.4901161193847656e-08,
                    0.8866901993751526,
                    0.46236395835876465,
                    4.629415512084961
                ],
                [
                    0.0,
                    0.0,
                    0.0,
                    1.0
                ]
            ]
        },
        {
            "file_path": "./test/rgb_044",
            "rotation": 0.031415926535897934,
            "transform_matrix": [
                [
                    -0.36378568410873413,
                    -0.43068400025367737,
                    0.8259365558624268,
                    8.269683837890625
                ],
                [
                    0.93148273229599,
                    -0.16820137202739716,
                    0.3225651681423187,
                    3.2296814918518066
                ],
                [
                    0.0,
                    0.8866901993751526,
                    0.46236392855644226,
                    4.629415512084961
                ],
                [
                    0.0,
                    0.0,
                    0.0,
                    1.0
                ]
            ]
        },
        {
            "file_path": "./test/rgb_045",
            "rotation": 0.031415926535897934,
            "transform_matrix": [
                [
                    -0.39286479353904724,
                    -0.4251880943775177,
                    0.8153970837593079,
                    8.164156913757324
                ],
                [
                    0.9195963144302368,
                    -0.181646466255188,
