{
    "camera_angle_x": 0.6911112070083618,
    "frames": [
        {
            "file_path": "./tesla_80/train/rgb_000",
            "rotation": 0.07853981633974483,
            "transform_matrix": [
                [
                    0.846817135810852,
                    -0.3078681230545044,
                    0.43372562527656555,
                    4.342674732208252
                ],
                [
                    0.5318841338157654,
                    0.49015939235687256,
                    -0.6905381083488464,
                    -6.914008140563965
                ],
                [
                    -1.4901161193847656e-08,
                    0.8154512643814087,
                    0.5788255333900452,
                    5.7954864501953125
                ],
                [
                    0.0,
                    0.0,
                    0.0,
                    1.0
                ]
            ]
        },
        {
            "file_path": "./tesla_80/train/rgb_001",
            "rotation": 0.07853981633974483,
            "transform_matrix": [
                [
                    0.6236465573310852,
                    0.5297408103942871,
                    -0.5748386979103088,
                    -5.755568504333496
                ],
                [
                    -0.7817064523696899,
                    0.4226280152797699,
                    -0.45860719680786133,
                    -4.591801166534424
                ],
                [
                    -1.4901161193847656e-08,
                    0.7353639006614685,
                    0.677672266960144,
                    6.785189151763916
                ],
                [
                    0.0,
                    0.0,
                    0.0,
                    1.0
                ]
            ]
        },
        {
            "file_path": "./tesla_80/train/rgb_002",
            "rotation": 0.07853981633974483,
            "transform_matrix": [
                [
                    -0.2933603823184967,
                    -0.5593430995941162,
                    0.7752901911735535,
                    7.762587070465088
                ],
                [
                    0.9560019373893738,
                    -0.17164099216461182,
                    0.23790687322616577,
                    2.3820407390594482
                ],
                [
                    0.0,
                    0.8109714388847351,
                    0.5850857496261597,
                    5.858166694641113
                ],
                [
                    0.0,
                    0.0,
                    0.0,
                    1.0
                ]
            ]
        },
        {
            "file_path": "./tesla_80/train/rgb_003",
            "rotation": 0.07853981633974483,
            "transform_matrix": [
                [
                    0.6624754667282104,
                    0.5417904853820801,
                    -0.5172902345657349,
                    -5.179365158081055
                ],
                [
                    -0.7490835785865784,
                    0.47914940118789673,
                    -0.45748183131217957,
                    -4.580533504486084
                ],
                [
                    0.0,
                    0.6905640363693237,
                    0.7232711315155029,
                    7.24174690246582
                ],
                [
                    0.0,
                    0.0,
                    0.0,
                    1.0
                ]
            ]
        },
        {
            "file_path": "./tesla_80/train/rgb_004",
            "rotation": 0.07853981633974483,
            "transform_matrix": [
                [
                    -0.37447991967201233,
                    -0.26236116886138916,
                    0.8893431425094604,
                    8.904541969299316
                ],
                [
                    0.9272350668907166,
                    -0.10595909506082535,
                    0.3591766059398651,
                    3.5962533950805664
                ],
                [
                    0.0,
                    0.9591346383094788,
                    0.2829499840736389,
                    2.8330347537994385
                ],
                [
                    0.0,
                    0.0,
                    0.0,
                    1.0
                ]
            ]
        },
        {
            "file_path": "./tesla_80/train/rgb_005",
            "rotation": 0.07853981633974483,
            "transform_matrix": [
                [
                    -0.344748318195343,
                    -0.30310067534446716,
                    0.8884133696556091,
                    8.895233154296875
                ],
                [
                    0.9386951327323914,
                    -0.11131777614355087,
                    0.32628169655799866,
                    3.266893148422241
                ],
                [
                    0.0,
                    0.9464344382286072,
                    0.32289573550224304,
                    3.2329912185668945
                ],
                [
                    0.0,
                    0.0,
                    0.0,
                    1.0
                ]
            ]
        },
        {
            "file_path": "./tesla_80/train/rgb_006",
            "rotation": 0.07853981633974483,
            "transform_matrix": [
                [
                    0.4456465542316437,
                    -0.4432840943336487,
                    0.7777520418167114,
                    7.78723669052124
                ],
                [
                    0.895209014415741,
                    0.22067251801490784,
                    -0.38717496395111084,
                    -3.876586675643921
                ],
                [
                    1.4901161193847656e-08,
                    0.868793785572052,
                    0.49517393112182617,
                    4.957925319671631
                ],
                [
                    0.0,
                    0.0,
                    0.0,
                    1.0
                ]
            ]
        },
        {
            "file_path": "./tesla_80/train/rgb_007",
            "rotation": 0.07853981633974483,
            "transform_matrix": [
                [
                    -0.998380184173584,
                    -0.010806821286678314,
                    0.05585956946015358,
                    0.5592935085296631
                ],
                [
                    0.056895337998867035,
                    -0.18963445723056793,
                    0.9802048802375793,
                    9.81429386138916
                ],
                [
                    0.0,
                    0.9817953109741211,
                    0.1899421215057373,
                    1.9017939567565918
                ],
                [
                    0.0,
                    0.0,
                    0.0,
                    1.0
                ]
            ]
        },
        {
            "file_path": "./tesla_80/train/rgb_008",
            "rotation": 0.07853981633974483,
            "transform_matrix": [
                [
                    0.9783526062965393,
                    0.16260023415088654,
                    -0.12801335752010345,
                    -1.2817329168319702
                ],
                [
                    -0.20694507658481598,
                    0.7687081098556519,
                    -0.6051953434944153,
                    -6.059514045715332
                ],
                [
                    0.0,
                    0.6185860633850098,
                    0.7857168912887573,
                    7.866984844207764
                ],
                [
                    0.0,
                    0.0,
                    0.0,
                    1.0
                ]
            ]
        },
        {
            "file_path": "./tesla_80/train/rgb_009",
            "rotation": 0.07853981633974483,
            "transform_matrix": [
                [
                    -0.8925530314445496,
                    0.16886475682258606,
                    -0.418131023645401,
                    -4.1865339279174805
                ],
                [
                    -0.45094218850135803,
                    -0.33423516154289246,
                    0.827609658241272,
                    8.286436080932617
                ],
                [
                    1.4901159417490817e-08,
                    0.9272387623786926,
                    0.3744708299636841,
                    3.7493865489959717
                ],
                [
                    0.0,
                    0.0,
                    0.0,
                    1.0
                ]
            ]
        },
        {
            "file_path": "./tesla_80/train/rgb_010",
            "rotation": 0.07853981633974483,
            "transform_matrix": [
                [
                    0.09358571469783783,
                    0.7100033760070801,
                    -0.6979519128799438,
                    -6.988238334655762
                ],
                [
                    -0.9956112504005432,
                    0.06673907488584518,
                    -0.0656062588095665,
                    -0.6568821668624878
                ],
                [
                    0.0,
                    0.7010285258293152,
                    0.7131331562995911,
                    7.14024019241333
                ],
                [
                    0.0,
                    0.0,
                    0.0,
                    1.0
                ]
            ]
        },
        {
            "file_path": "./tesla_80/train/rgb_011",
            "rotation": 0.07853981633974483,
            "transform_matrix": [
                [
                    -0.04016321152448654,
                    -0.3289951980113983,
                    0.9434770345687866,
                    9.44655704498291
                ],
                [
                    0.9991931319236755,
                    -0.013224175199866295,
                    0.0379236675798893,
                    0.37971046566963196
                ],
                [
                    0.0,
                    0.9442389011383057,
                    0.3292608857154846,
                    3.296722412109375
                ],
                [
                    0.0,
                    0.0,
                    0.0,
                    1.0
                ]
            ]
        },
        {
            "file_path": "./tesla_80/train/rgb_012",
            "rotation": 0.07853981633974483,
            "transform_matrix": [
                [
                    -0.7558602094650269,
                    -0.060664448887109756,
                    0.65191650390625,
                    6.527309417724609
                ],
                [
                    0.6547330617904663,
                    -0.07003440707921982,
                    0.7526086568832397,
                    7.535488605499268
                ],
                [
                    0.0,
                    0.9956981539726257,
                    0.092655248939991,
                    0.9277100563049316
                ],
                [
                    0.0,
                    0.0,
                    0.0,
                    1.0
                ]
            ]
        },
        {
            "file_path": "./tesla_80/train/rgb_013",
            "rotation": 0.07853981633974483,
            "transform_matrix": [
                [
                    -0.19382847845554352,
                    -0.5686049461364746,
                    0.7994490265846252,
                    8.004478454589844
                ],
                [
                    0.9810354113578796,
                    -0.11234236508607864,
                    0.1579514890909195,
                    1.5814881324768066
                ],
                [
                    7.450580596923828e-09,
                    0.8149034380912781,
                    0.5795965790748596,
                    5.803206920623779
                ],
                [
                    0.0,
                    0.0,
                    0.0,
                    1.0
                ]
            ]
        },
        {
            "file_path": "./tesla_80/train/rgb_014",
            "rotation": 0.07853981633974483,
            "transform_matrix": [
                [
                    -0.6248792409896851,
                    -0.4081701338291168,
                    0.6655246019363403,
                    6.663559913635254
                ],
                [
                    0.7807214260101318,
                    -0.3266941010951996,
                    0.5326772928237915,
                    5.3334269523620605
                ],
                [
                    0.0,
                    0.8524482250213623,
                    0.5228115916252136,
                    5.234646797180176
                ],
                [
                    0.0,
                    0.0,
                    0.0,
                    1.0
                ]
            ]
        },
        {
            "file_path": "./tesla_80/train/rgb_015",
            "rotation": 0.07853981633974483,
            "transform_matrix": [
                [
                    -0.6241890788078308,
                    0.11011901497840881,
                    -0.773473858833313,
                    -7.744400978088379
                ],
                [
                    -0.7812732458114624,
                    -0.0879782885313034,
                    0.6179578304290771,
                    6.187297821044922
                ],
                [
                    0.0,
                    0.9900169968605042,
                    0.14094814658164978,
                    1.4112422466278076
                ],
                [
                    0.0,
                    0.0,
                    0.0,
                    1.0
                ]
            ]
        },
        {
            "file_path": "./tesla_80/train/rgb_016",
            "rotation": 0.07853981633974483,
            "transform_matrix": [
                [
                    0.2139275074005127,
                    -0.44691962003707886,
                    0.868618369102478,
                    8.69703483581543
                ],
                [
                    0.9768495559692383,
                    0.0978742316365242,
                    -0.19022515416145325,
                    -1.9046279191970825
                ],
                [
                    -7.450580596923828e-09,
                    0.8892037868499756,
                    0.4575112760066986,
                    4.5808281898498535
                ],
                [
                    0.0,
                    0.0,
                    0.0,
                    1.0
                ]
            ]
        },
        {
            "file_path": "./tesla_80/train/rgb_017",
            "rotation": 0.07853981633974483,
            "transform_matrix": [
                [
                    0.880333662033081,
                    -0.32073676586151123,
                    0.3494862914085388,
                    3.4992289543151855
                ],
                [
                    0.47435513138771057,
                    0.5952404737472534,
                    -0.64859539270401,
                    -6.494056701660156
                ],
                [
                    0.0,
                    0.7367608547210693,
                    0.676153302192688,
                    6.769979953765869
                ],
                [
                    0.0,
                    0.0,
                    0.0,
                    1.0
                ]
            ]
        },
        {
            "file_path": "./tesla_80/train/rgb_018",
            "rotation": 0.07853981633974483,
            "transform_matrix": [
                [
                    0.8228470087051392,
                    -0.05270583927631378,
                    0.5658134818077087,
                    5.665203094482422
                ],
                [
                    0.5682629346847534,
                    0.07631826400756836,
                    -0.8193001747131348,
                    -8.20323657989502
                ],
                [
                    0.0,
                    0.9956895709037781,
                    0.09274902939796448,
                    0.9286489486694336
                ],
                [
                    0.0,
                    0.0,
                    0.0,
                    1.0
                ]
            ]
        },
        {
            "file_path": "./tesla_80/train/rgb_019",
            "rotation": 0.07853981633974483,
            "transform_matrix": [
                [
                    -0.3497355282306671,
                    -0.1351533681154251,
                    0.9270483255386353,
                    9.282064437866211
                ],
                [
                    0.9368484616279602,
                    -0.05045419558882713,
                    0.346077024936676,
                    3.4650938510894775
                ],
                [
                    3.7252898543727042e-09,
                    0.9895393252372742,
                    0.1442638337612152,
                    1.4444407224655151
                ],
                [
                    0.0,
                    0.0,
                    0.0,
                    1.0
                ]
            ]
        },
        {
            "file_path": "./tesla_80/train/rgb_020",
            "rotation": 0.07853981633974483,
            "transform_matrix": [
                [
                    0.790743887424469,
                    -0.48348718881607056,
                    0.375451922416687,
                    3.7592098712921143
                ],
                [
                    0.6121470332145691,
                    0.6245468854904175,
                    -0.48499181866645813,
                    -4.8559770584106445
                ],
                [
                    -1.4901161193847656e-08,
                    0.6133360862731934,
                    0.7898219227790833,
                    7.90808629989624
                ],
                [
                    0.0,
                    0.0,
                    0.0,
                    1.0
                ]
            ]
        },
        {
            "file_path": "./tesla_80/train/rgb_021",
            "rotation": 0.07853981633974483,
            "transform_matrix": [
                [
                    -0.9645039439201355,
                    0.11514733731746674,
                    -0.23764069378376007,
                    -2.379375696182251
                ],
                [
                    -0.2640681564807892,
                    -0.42057347297668457,
                    0.8679780960083008,
                    8.690624237060547
                ],
                [
                    -7.450580152834618e-09,
                    0.8999215960502625,
                    0.43605154752731323,
                    4.365962982177734
                ],
                [
                    0.0,
                    0.0,
                    0.0,
                    1.0
                ]
            ]
        },
        {
            "file_path": "./tesla_80/train/rgb_022",
            "rotation": 0.07853981633974483,
            "transform_matrix": [
                [
                    0.99859219789505,
                    -0.0363665372133255,
                    0.03861340507864952,
                    0.38661643862724304
                ],
                [
                    0.05304262414574623,
                    0.6846444606781006,
                    -0.7269445061683655,
                    -7.278526782989502
                ],
                [
                    0.0,
                    0.727969229221344,
                    0.6856096386909485,
                    6.864661693572998
                ],
                [
                    0.0,
                    0.0,
                    0.0,
                    1.0
                ]
            ]
        },
        {
            "file_path": "./tesla_80/train/rgb_023",
            "rotation": 0.07853981633974483,
            "transform_matrix": [
                [
                    0.8775464296340942,
                    -0.21242474019527435,
                    0.42986974120140076,
                    4.304068088531494
                ],
                [
                    0.4794917106628418,
                    0.3887711763381958,
                    -0.7867302298545837,
                    -7.877131462097168
                ],
                [
                    0.0,
                    0.8965113759040833,
                    0.44302061200141907,
                    4.435740947723389
                ],
                [
                    0.0,
                    0.0,
                    0.0,
                    1.0
                ]
            ]
        },
        {
            "file_path": "./tesla_80/train/rgb_024",
            "rotation": 0.07853981633974483,
            "transform_matrix": [
                [
                    -0.6331163644790649,
                    -0.21079784631729126,
                    0.7448005080223083,
                    7.457309722900391
                ],
                [
                    0.774056613445282,
                    -0.17241577804088593,
                    0.6091872453689575,
                    6.099483013153076
                ],
                [
                    0.0,
                    0.9622042179107666,
                    0.2723287045955658,
                    2.726689338684082
                ],
                [
                    0.0,
                    0.0,
                    0.0,
                    1.0
                ]
            ]
        },
        {
            "file_path": "./tesla_80/train/rgb_025",
            "rotation": 0.07853981633974483,
            "transform_matrix": [
                [
                    0.7939730882644653,
                    0.329170286655426,
                    -0.5111297369003296,
                    -5.117682933807373
                ],
                [
                    -0.6079529523849487,
                    0.42988914251327515,
                    -0.6675241589546204,
                    -6.6835808753967285
                ],
                [
                    1.4901161193847656e-08,
                    0.8407390117645264,
                    0.5414404273033142,
                    5.421168804168701
                ],
                [
                    0.0,
                    0.0,
                    0.0,
                    1.0
                ]
            ]
        },
        {
            "file_path": "./tesla_80/train/rgb_026",
            "rotation": 0.07853981633974483,
            "transform_matrix": [
                [
                    -0.8842504620552063,
                    -0.28585612773895264,
                    0.36930665373802185,
                    3.6976799964904785
                ],
                [
                    0.4670129716396332,
                    -0.5412449240684509,
                    0.6992515921592712,
                    7.001251220703125
                ],
                [
                    0.0,
                    0.7907845973968506,
                    0.6120945811271667,
                    6.128592491149902
                ],
                [
                    0.0,
                    0.0,
                    0.0,
                    1.0
                ]
            ]
        },
        {
            "file_path": "./tesla_80/train/rgb_027",
            "rotation": 0.07853981633974483,
            "transform_matrix": [
                [
                    -0.9417917728424072,
                    0.143668994307518,
                    -0.3039531707763672,
                    -3.0433287620544434
                ],
                [
                    -0.3361968398094177,
                    -0.4024614989757538,
                    0.8514671921730042,
                    8.525308609008789
                ],
                [
                    -7.450581485102248e-09,
                    0.9040927886962891,
                    0.4273359477519989,
                    4.278697967529297
                ],
                [
                    0.0,
                    0.0,
                    0.0,
                    1.0
                ]
            ]
        },
        {
            "file_path": "./tesla_80/train/rgb_028",
            "rotation": 0.07853981633974483,
            "transform_matrix": [
                [
                    0.849028468132019,
                    0.22856168448925018,
                    -0.4763510823249817,
                    -4.769461631774902
                ],
                [
                    -0.5283472537994385,
                    0.3672875463962555,
                    -0.7654730677604675,
                    -7.66429328918457
                ],
                [
                    1.4901162970204496e-08,
                    0.9015871286392212,
                    0.43259748816490173,
                    4.331378936767578
                ],
                [
                    0.0,
                    0.0,
                    0.0,
                    1.0
                ]
            ]
        },
        {
            "file_path": "./tesla_80/train/rgb_029",
            "rotation": 0.07853981633974483,
            "transform_matrix": [
                [
                    0.6224726438522339,
                    0.166833758354187,
                    -0.7646529674530029,
                    -7.656083106994629
                ],
                [
                    -0.7826416492462158,
                    0.1326909363269806,
                    -0.608165442943573,
                    -6.089252471923828
                ],
                [
                    0.0,
                    0.9770155549049377,
                    0.2131674885749817,
                    2.134338140487671
                ],
                [
                    0.0,
                    0.0,
                    0.0,
                    1.0
                ]
            ]
        },
        {
            "file_path": "./tesla_80/train/rgb_030",
            "rotation": 0.07853981633974483,
            "transform_matrix": [
                [
                    0.6387191414833069,
                    0.42173895239830017,
                    -0.6435636281967163,
                    -6.4436750411987305
                ],
                [
                    -0.7694399952888489,
                    0.35008931159973145,
                    -0.5342280268669128,
                    -5.3489532470703125
                ],
                [
                    -1.4901161193847656e-08,
                    0.8364050984382629,
                    0.5481116771697998,
                    5.4879631996154785
                ],
                [
                    0.0,
                    0.0,
                    0.0,
                    1.0
                ]
            ]
        },
        {
            "file_path": "./tesla_80/train/rgb_031",
            "rotation": 0.07853981633974483,
            "transform_matrix": [
                [
                    0.43212583661079407,
                    0.19783496856689453,
                    -0.8798457384109497,
                    -8.809449195861816
                ],
                [
                    -0.9018133282661438,
                    0.09479744732379913,
                    -0.42159953713417053,
                    -4.221262454986572
                ],
                [
                    0.0,
                    0.9756406545639038,
                    0.2193746268749237,
                    2.1964869499206543
                ],
                [
                    0.0,
                    0.0,
                    0.0,
                    1.0
                ]
            ]
        },
        {
            "file_path": "./tesla_80/train/rgb_032",
            "rotation": 0.07853981633974483,
            "transform_matrix": [
                [
                    0.9976330399513245,
                    -0.02617541141808033,
                    0.06358657032251358,
                    0.636660099029541
                ],
                [
                    0.06876339763402939,
                    0.3797580599784851,
                    -0.9225265979766846,
                    -9.236790657043457
                ],
                [
                    -1.862645149230957e-09,
                    0.9247154593467712,
                    0.3806591033935547,
                    3.8113465309143066
                ],
                [
                    0.0,
                    0.0,
                    0.0,
                    1.0
                ]
            ]
        },
        {
            "file_path": "./tesla_80/train/rgb_033",
            "rotation": 0.07853981633974483,
            "transform_matrix": [
                [
                    0.7742546200752258,
                    -0.42947787046432495,
                    0.46484243869781494,
                    4.654231548309326
                ],
                [
                    0.6328741908073425,
                    0.5254207253456116,
                    -0.5686854720115662,
                    -5.6939592361450195
                ],
                [
                    -1.4901161193847656e-08,
                    0.7344942092895508,
                    0.6786148548126221,
                    6.794626712799072
                ],
                [
                    0.0,
                    0.0,
                    0.0,
                    1.0
                ]
            ]
        },
        {
            "file_path": "./tesla_80/train/rgb_034",
            "rotation": 0.07853981633974483,
            "transform_matrix": [
                [
                    -0.6040303111076355,
                    -0.3950771987438202,
                    0.6921425461769104,
                    6.93007230758667
                ],
                [
                    0.7969613075256348,
                    -0.2994356155395508,
                    0.5245864391326904,
                    5.252418041229248
                ],
                [
                    -1.4901159417490817e-08,
                    0.8684770464897156,
                    0.4957294464111328,
                    4.96348762512207
                ],
                [
                    0.0,
                    0.0,
                    0.0,
                    1.0
                ]
            ]
        },
        {
            "file_path": "./tesla_80/train/rgb_035",
            "rotation": 0.07853981633974483,
            "transform_matrix": [
                [
                    -0.8961995840072632,
                    0.23327936232089996,
                    -0.3773684799671173,
                    -3.7783989906311035
                ],
                [
                    -0.443651020526886,
                    -0.4712371826171875,
                    0.7623052000999451,
                    7.632575035095215
                ],
                [
                    1.4901160305669237e-08,
                    0.8505975008010864,
                    0.5258172750473022,
                    5.26474142074585
                ],
                [
                    0.0,
                    0.0,
                    0.0,
                    1.0
                ]
            ]
        },
        {
            "file_path": "./tesla_80/train/rgb_036",
            "rotation": 0.07853981633974483,
            "transform_matrix": [
                [
                    -0.47747790813446045,
                    0.145906463265419,
                    -0.8664445281028748,
                    -8.67526912689209
                ],
                [
                    -0.878643810749054,
                    -0.07928936928510666,
                    0.4708485007286072,
                    4.714366912841797
                ],
                [
                    0.0,
                    0.9861158132553101,
                    0.1660587191581726,
                    1.6626616716384888
                ],
                [
                    0.0,
                    0.0,
                    0.0,
                    1.0
                ]
            ]
        },
        {
            "file_path": "./tesla_80/train/rgb_037",
            "rotation": 0.07853981633974483,
            "transform_matrix": [
                [
                    -0.9978592395782471,
                    0.03065372072160244,
                    -0.05776919424533844,
                    -0.5784136056900024
                ],
                [
                    -0.06539824604988098,
                    -0.46772047877311707,
                    0.8814536929130554,
                    8.82554817199707
                ],
                [
                    1.862645149230957e-09,
                    0.8833446502685547,
                    0.46872392296791077,
                    4.693094730377197
                ],
                [
                    0.0,
                    0.0,
                    0.0,
                    1.0
                ]
            ]
        },
        {
            "file_path": "./tesla_80/train/rgb_038",
            "rotation": 0.07853981633974483,
            "transform_matrix": [
                [
                    -0.16870097815990448,
                    0.08411159366369247,
                    -0.9820718765258789,
                    -9.832987785339355
                ],
                [
                    -0.9856672286987305,
                    -0.014396042563021183,
                    0.16808561980724335,
                    1.6829560995101929
                ],
                [
                    9.313225191043273e-10,
                    0.9963523745536804,
                    0.0853346586227417,
                    0.8544126749038696
                ],
                [
                    0.0,
                    0.0,
                    0.0,
                    1.0
                ]
            ]
        },
        {
            "file_path": "./tesla_80/train/rgb_039",
            "rotation": 0.07853981633974483,
            "transform_matrix": [
                [
                    -0.9929046034812927,
                    -0.032320111989974976,
                    0.11443724483251572,
                    1.1458020210266113
                ],
                [
                    0.11891372501850128,
                    -0.2698661684989929,
                    0.9555269479751587,
                    9.567206382751465
                ],
                [
                    1.862645149230957e-09,
                    0.9623552560806274,
                    0.2717946469783783,
                    2.721341848373413
                ],
                [
                    0.0,
                    0.0,
                    0.0,
                    1.0
                ]
            ]
        },
        {
            "file_path": "./tesla_80/train/rgb_040",
            "rotation": 0.07853981633974483,
            "transform_matrix": [
                [
                    -0.7350909113883972,
                    0.3931717276573181,
                    -0.5523199439048767,
                    -5.5300984382629395
                ],
                [
                    -0.6779685020446777,
                    -0.42629849910736084,
                    0.5988557934761047,
                    5.996038436889648
                ],
                [
                    1.4901161193847656e-08,
                    0.8146689534187317,
                    0.5799262523651123,
                    5.806506633758545
                ],
                [
                    0.0,
                    0.0,
                    0.0,
                    1.0
                ]
            ]
        },
        {
            "file_path": "./tesla_80/train/rgb_041",
            "rotation": 0.07853981633974483,
            "transform_matrix": [
                [
                    0.9314286708831787,
                    0.22621367871761322,
                    -0.28507551550865173,
                    -2.8543169498443604
                ],
                [
                    -0.3639240562915802,
                    0.5789722204208374,
                    -0.7296233773231506,
                    -7.305349349975586
                ],
                [
                    1.4901162970204496e-08,
                    0.7833378314971924,
                    0.6215959191322327,
                    6.223725318908691
                ],
                [
                    0.0,
                    0.0,
                    0.0,
                    1.0
                ]
            ]
        },
        {
            "file_path": "./tesla_80/train/rgb_042",
            "rotation": 0.07853981633974483,
            "transform_matrix": [
                [
                    -0.06606198847293854,
                    -0.15982025861740112,
                    0.9849331378936768,
                    9.861635208129883
                ],
                [
                    0.9978155493736267,
                    -0.010581159964203835,
                    0.06520909816026688,
                    0.6529055833816528
                ],
                [
                    0.0,
                    0.9870893955230713,
                    0.16017015278339386,
                    1.603702425956726
                ],
                [
                    0.0,
                    0.0,
                    0.0,
                    1.0
                ]
            ]
        },
        {
            "file_path": "./tesla_80/train/rgb_043",
            "rotation": 0.07853981633974483,
            "transform_matrix": [
                [
                    -0.7959662079811096,
                    0.4007784128189087,
                    -0.4536678194999695,
                    -4.5423455238342285
                ],
                [
                    -0.6053410768508911,
                    -0.5269856452941895,
                    0.5965301990509033,
                    5.972754001617432
                ],
                [
                    0.0,
                    0.7494416236877441,
                    0.6620703339576721,
                    6.628973960876465
                ],
                [
                    0.0,
                    0.0,
                    0.0,
                    1.0
                ]
            ]
        },
        {
            "file_path": "./tesla_80/train/rgb_044",
            "rotation": 0.07853981633974483,
            "transform_matrix": [
                [
                    0.9856181740760803,
                    0.050334472209215164,
                    -0.1613176316022873,
                    -1.6151916980743408
                ],
                [
                    -0.16898798942565918,
                    0.2935744822025299,
                    -0.9408809542655945,
                    -9.420563697814941
                ],
                [
                    -3.725290742551124e-09,
                    0.9546099901199341,
                    0.29785826802253723,
                    2.9823038578033447
                ],
                [
                    0.0,
                    0.0,
                    0.0,
                    1.0
